  1  0     -2.14806676
  1  1     -0.38410005     -0.30472413
  2  0     -0.07254864
  2  1      1.08317542      0.19656910
  2  2      1.15142918      0.58014113
  3  0     -0.15127619
  3  1     -0.54169083      0.25235006
  3  2     -0.69642448     -0.68644518
  3  3     -0.92244184     -0.26875150
  4  0     -1.16215241
  4  1     -0.91337818     -1.57396793
  4  2     -0.00948220     -0.84780693
  4  3      2.22189093      0.31614983
  4  4      0.58284020      0.68484825
  5  0      0.53684551
  5  1      0.33429119      1.82898188
  5  2      0.47395092      0.84987187
  5  3     -0.20457289     -1.22685325
  5  4      0.37528569     -1.12625039
  5  5      0.56968075     -1.10620391
  6  0     -1.34007454
  6  1     -0.18137151     -0.82892138
  6  2     -0.12925361     -0.02571209
  6  3     -1.58446836      0.04933369
  6  4      0.50307333      0.78032047
  6  5      0.37737805      1.31287622
  6  6     -0.92073298      0.17439617
  7  0      1.00102663
  7  1      1.26779640     -0.65669757
  7  2     -0.69353718      0.34369889
  7  3      0.47613326      0.85491180
  7  4      0.25556341     -0.26164508
  7  5      0.60261083      0.27752835
  7  6      1.07599330     -0.26960534
  7  7      1.41934288     -0.69333428
  8  0     -1.02386725
  8  1     -3.25831008     -0.31350750
  8  2      0.68845624     -1.95110190
  8  3      1.45924628     -1.11381114
  8  4     -0.72933704     -0.67912591
  8  5     -0.93003315     -0.28967273
  8  6     -0.93173552      1.88832319
  8  7     -2.03505230      1.17589569
  8  8     -0.92935640     -0.30586654
  9  0     -1.19813204
  9  1      3.07617259      0.88751984
  9  2      1.49813962      1.67578757
  9  3     -1.53230309      0.87737554
  9  4     -0.35595852      0.25793216
  9  5      0.66058534     -0.08752917
  9  6      0.75045359     -0.39764854
  9  7      0.49859658     -0.77788520
  9  8      0.62480468      0.06385232
  9  9      1.44964147     -0.88112718
 10  0      2.39751410
 10  1     -0.58021075     -0.27417353
 10  2     -4.22185373     -0.66328257
 10  3     -0.65989792     -1.25715256
 10  4      1.75410759      0.06633755
 10  5      0.67946285     -0.42478588
 10  6     -0.42195287     -1.68899381
 10  7     -0.04655847      0.33827227
 10  8     -0.81762373      0.77108699
 10  9     -1.75935435      0.55086285
 10 10     -0.71925467      0.50981003
 11  0     -2.49414778
 11  1     -2.16507840     -0.55802643
 11  2      3.08318615     -0.47697878
 11  3      2.50521064      0.51224673
 11  4     -1.06556976      0.49173984
 11  5     -2.02052069      1.07440102
 11  6     -0.36651966      1.43490481
 11  7      0.24769956      0.53024495
 11  8      0.48417148     -0.41809019
 11  9      0.42811668      0.05440504
 11 10      0.92333919     -1.89868879
 11 11      0.99996263     -1.40889335
 12  0      0.63617080
 12  1      3.19023180      0.30266392
 12  2     -0.11697957     -0.73859996
 12  3     -2.29007196     -0.55539161
 12  4     -1.67289901     -0.87050796
 12  5      0.75669056     -0.85031432
 12  6      1.16658235     -0.44482556
 12  7     -0.16099532     -0.87303317
 12  8     -0.11495005     -0.50763190
 12  9      0.74335754     -0.22680451
 12 10     -1.34982216      2.06589007
 12 11     -2.29076624      1.45307243
 12 12     -3.01269770      1.19530356
 13  0     -0.00072139
 13  1     -3.00616980     -0.11367670
 13  2     -2.27303338      1.75331962
 13  3      2.17723703      0.36625713
 13  4      3.66935730     -0.54401755
 13  5      1.27060521     -0.60400075
 13  6     -0.38101622      0.10259773
 13  7     -0.57471532      0.80327731
 13  8     -0.00601219      0.17759277
 13  9      0.13442220      1.10179698
 13 10      1.06485641      0.07965504
 13 11      2.18316531     -1.68572533
 13 12      2.24818420     -2.06097674
 13 13     -0.17860550     -1.43016124
 14  0     -2.67579365
 14  1      0.52363193      0.40736240
 14  2      2.83692527     -0.41705769
 14  3     -0.95435131     -1.34293771
 14  4     -2.23546863      1.29067600
 14  5     -1.97098887      1.22088361
 14  6     -0.07959879     -0.35327327
 14  7      0.86677217     -0.51710349
 14  8      0.36093238      0.05925905
 14  9      0.32898048     -0.14765933
 14 10      1.15961564      0.26536551
 14 11     -1.09537411      2.65350413
 14 12     -1.71542621      0.70054835
 14 13     -2.48768306      0.34737200
 14 14     -1.58769512      0.03952910
 15  0      3.71244144
 15  1      0.38390476     -2.00129843
 15  2     -3.03540730     -1.58757687
 15  3     -1.84429741      1.45593202
 15  4      0.48531973      0.43388343
 15  5      2.11614561     -0.52035832
 15  6      0.14446475     -0.29815364
 15  7     -0.17180277      0.97115672
 15  8     -1.00257385      0.85117364
 15  9     -1.16081762     -0.30518672
 15 10     -1.12606013      0.32919249
 15 11     -0.35278863      0.21281222
 15 12      0.79876268      0.15293168
 15 13      2.60481238     -0.24360968
 15 14      1.84586418     -0.97834194
 15 15      0.69933915      0.21479033
 16  0     -2.82308722
 16  1     -3.45621943      1.12048793
 16  2      2.01921034      0.97943830
 16  3      3.90724683     -0.54086637
 16  4     -0.04333817     -2.15712643
 16  5     -1.60722744      0.31867036
 16  6     -0.84518111      1.80156612
 16  7     -0.51474237     -0.66397816
 16  8      0.51224637     -1.72007072
 16  9      0.53089434     -1.17891955
 16 10      1.08021653     -2.09852958
 16 11      1.05117810     -2.09419966
 16 12      0.44062358      0.65841997
 16 13      0.01943620      0.53361279
 16 14     -2.19502711     -0.19068609
 16 15     -1.08100092     -0.41289490
 16 16      0.12865117     -2.83799076
 17  0     -1.74017191
 17  1      5.62420845      0.86073697
 17  2      0.39666590     -0.36951131
 17  3     -4.14831734     -1.86591077
 17  4     -0.98749441      0.60885173
 17  5      1.68371892     -0.54572314
 17  6      2.48124385     -2.27344418
 17  7     -0.31578225     -1.45858753
 17  8     -0.29337192      1.46057510
 17  9     -0.45137274      1.65369749
 17 10     -0.35537064      2.27905631
 17 11     -0.81009501      1.45717323
 17 12     -0.28345510     -0.93919140
 17 13     -0.59379482     -0.66553998
 17 14      2.22831774      0.27111831
 17 15      1.34704375     -0.41118526
 17 16      1.37631547      1.11031628
 17 17      1.30470741      0.78149557
 18  0      3.12242866
 18  1     -6.08204603     -2.61666274
 18  2     -4.25191021      0.54763544
 18  3      1.65157139      1.41495991
 18  4      2.94336581      1.23006511
 18  5     -0.02662605      0.05399184
 18  6     -1.74349356      0.58236277
 18  7      1.21575606      2.82328463
 18  8     -0.19494109      0.73744971
 18  9      0.51411635     -0.31744877
 18 10      0.94724214     -1.43228221
 18 11      1.45626581     -0.92341834
 18 12      1.77739799     -1.05356193
 18 13      0.74816614      0.90422231
 18 14     -0.21623959      0.86115634
 18 15     -0.61009216      0.79089886
 18 16     -0.37014586      0.39437112
 18 17      0.12692013     -0.81377399
 18 18     -0.94726741     -1.48873365
 19  0     -2.89604282
 19  1      0.24484003     -0.04389462
 19  2      6.03802490     -1.01232076
 19  3      1.04321730      0.58873159
 19  4     -3.23270273     -1.46031535
 19  5     -2.07761717      0.40475890
 19  6      0.57852006      0.33457240
 19  7      1.55757785     -2.78772879
 19  8      0.27477756     -2.83518791
 19  9     -0.64487010     -1.70897961
 19 10     -1.43799686      0.16801473
 19 11     -2.87051296      1.90331900
 19 12     -2.80605531      2.06322551
 19 13     -0.68404490     -1.03882730
 19 14      0.17604482     -0.04936239
 19 15      0.95363736     -0.37947962
 19 16      0.17478856     -3.24416375
 19 17     -0.00610418     -0.20347966
 19 18      1.33024883      0.86946714
 19 19     -1.61720753      1.03786361
 20  0      3.66239929
 20  1      3.52463889      1.16690183
 20  2     -5.64864731     -1.69153059
 20  3     -3.58155632     -1.23452461
 20  4      2.08783865     -0.67380679
 20  5      1.88843489     -0.27015477
 20  6     -0.47848380      0.70101327
 20  7     -1.73730493      0.98855174
 20  8      1.29590678      2.67906332
 20  9      0.50820625      1.88265455
 20 10      1.18579769      1.26295805
 20 11      2.66632986     -2.02872324
 20 12      2.40750313     -0.44495374
 20 13      1.39744246      0.02896374
 20 14      0.53841579     -0.02862777
 20 15     -0.00739899      0.87023520
 20 16      0.41102177      1.93265533
 20 17      0.50227195      1.41912687
 20 18      0.73264772      0.46942276
 20 19      1.03034914     -0.09747349
 20 20     -0.46898332      0.23088343
 21  0     -3.43498421
 21  1     -3.82490826      0.54028028
 21  2      1.99074495      1.71191239
 21  3      4.47531223     -0.08726135
 21  4      0.59848094      0.89477015
 21  5     -0.24856535     -0.66099066
 21  6      0.15544321     -1.01884305
 21  7      0.96545905      0.99460101
 21  8     -0.85888016     -0.63472831
 21  9     -0.19142725     -0.75231951
 21 10      1.06561232     -1.83840477
 21 11     -0.17096119     -0.61914015
 21 12     -1.62541211     -0.06479334
 21 13     -2.85991049      1.60208511
 21 14     -1.08772671      0.46244314
 21 15     -0.57512879      1.73214865
 21 16      0.32146016      1.37533927
 21 17      0.62989277     -1.99630845
 21 18     -0.63243526     -2.03562951
 21 19     -1.00551963     -0.87760282
 21 20     -1.25355446      1.25972438
 21 21     -1.10234404      2.65485334
 22  0      0.40531933
 22  1      3.53281164     -1.20400417
 22  2      1.10009050     -1.03020167
 22  3     -3.79029059     -0.55404133
 22  4     -2.35195231      0.25214365
 22  5      0.24199022      0.94945222
 22  6      0.59479791     -0.53963161
 22  7     -0.38431874     -0.56480139
 22  8     -0.74465322      0.19161251
 22  9      0.96713728      1.25855553
 22 10     -1.53417969      2.52229953
 22 11     -1.27996957      2.69802904
 22 12      1.10496771     -0.98197424
 22 13      1.79640400     -1.83903694
 22 14      1.09566844     -0.36215502
 22 15     -0.78830218     -2.38950062
 22 16     -2.21285868     -1.03418016
 22 17     -0.68863195      0.62009531
 22 18      0.59467643      1.02410388
 22 19      0.86187208      1.92587256
 22 20      1.04413915     -0.65601027
 22 21      0.29211259     -1.77327633
 22 22      1.35390878      0.21059924
 23  0      1.61588025
 23  1     -5.04975033     -0.65524453
 23  2     -2.87543368     -1.07611084
 23  3      2.95429802      1.45003569
 23  4      1.96061182      0.73311341
 23  5     -1.11062801      0.78954983
 23  6     -0.53057897      1.63332343
 23  7      0.61797327     -0.28730756
 23  8      1.63253486     -0.41918010
 23  9     -1.47426093     -1.48285866
 23 10     -1.46880543     -0.45904776
 23 11      1.18000615     -1.82020187
 23 12      0.11706103      1.30397081
 23 13     -1.22663450      0.62647206
 23 14     -1.69231880      0.22255397
 23 15      1.53742337      0.40607104
 23 16      1.83141208      0.76770175
 23 17      0.92186552      1.86697245
 23 18      0.98022527      0.31874171
 23 19     -0.68593419     -1.56112957
 23 20      0.16801222     -1.31508231
 23 21     -1.31523490     -0.25723565
 23 22     -1.26560020      2.65484166
 23 23      0.85240692      1.04862666
 24  0     -1.89351308
 24  1      3.05200219      2.16643620
 24  2      1.75513184      0.60849917
 24  3     -1.33620811     -2.65540147
 24  4     -1.43589926     -2.45128179
 24  5     -0.33395812     -1.53762841
 24  6     -0.57628131     -0.60175353
 24  7     -0.79179454     -0.21924819
 24  8     -0.95494711      0.38320899
 24  9      0.88348472      1.45313847
 24 10      2.68206573     -1.00293517
 24 11     -1.03775072      0.27367455
 24 12     -1.66558969      0.49667364
 24 13      0.88825607     -0.61987537
 24 14      2.32160974     -0.75329620
 24 15     -0.09647201      0.68996364
 24 16     -1.47071075     -1.63029146
 24 17     -2.22659826     -2.24910903
 24 18     -1.75106812     -1.18605697
 24 19     -0.99555790      0.50468302
 24 20     -0.37734920      2.13867068
 24 21      0.81703204      0.24211279
 24 22      1.55012691     -3.44950581
 24 23      1.54882932     -1.50809145
 24 24      1.67179871     -0.53655237
 25  0      0.87019092
 25  1      0.10040252     -0.58323091
 25  2     -1.74314857     -0.25784585
 25  3     -0.70544869      0.03412489
 25  4      2.76916838      0.12301746
 25  5      1.38516998      0.41819701
 25  6     -0.13143286      0.02921375
 25  7      0.15506752      1.73889530
 25  8     -0.41565296      0.92300409
 25  9      0.27313450     -0.28227636
 25 10     -0.30936703     -0.04220989
 25 11     -0.24777718      0.81654698
 25 12     -0.06607308     -1.18919575
 25 13     -0.79382002     -0.03746527
 25 14     -2.29208183      0.62849110
 25 15     -2.46778178     -0.29258335
 25 16      1.36744559      2.22542620
 25 17      2.62661147      1.71283853
 25 18      1.12525094      1.31913626
 25 19      1.22901881      0.38332281
 25 20     -1.28119946     -2.73459387
 25 21     -0.83833003     -1.24485588
 25 22     -0.27360865      1.41121006
 25 23     -2.23886538      1.42533553
 25 24      0.23842847      0.46128118
 25 25     -0.12392430     -1.22532940
 26  0     -1.11498070
 26  1     -0.46160918     -0.84409148
 26  2      2.25220680      0.57623059
 26  3      0.70279461      1.51285553
 26  4     -2.72237897      0.51584971
 26  5     -0.70993626      0.19281851
 26  6      0.12306526     -0.43279454
 26  7     -0.26103383     -1.56649816
 26  8     -0.53623384     -2.55143881
 26  9     -2.25160003     -0.56463659
 26 10     -1.52817976      1.95506775
 26 11      2.39920974     -0.46101606
 26 12      0.81627256     -0.03195989
 26 13     -0.22645131      0.14288424
 26 14      1.30548668     -0.13639876
 26 15      3.50767446     -1.80433512
 26 16     -0.00265897     -0.69462579
 26 17     -0.82093185     -0.08354663
 26 18      0.28462163     -0.95947748
 26 19     -0.96872455     -1.07486749
 26 20     -0.40474898     -0.77404553
 26 21      0.02723693      0.00767444
 26 22      0.75193113      0.16083391
 26 23      1.61476243     -1.13387263
 26 24      1.89923036     -0.04839627
 26 25      1.92785728      0.86511886
 26 26      0.03799153     -1.04502833
 27  0      0.40035930
 27  1     -0.11059388      1.26742649
 27  2     -2.19102859     -1.84234321
 27  3      0.00374630     -0.73856497
 27  4      0.23077941      0.13518573
 27  5      0.51252925     -0.59207940
 27  6      0.45097080     -0.57679695
 27  7      0.96116608      0.22825952
 27  8      1.88429916      1.99555516
 27  9      0.39982048      1.44565785
 27 10     -0.74524420     -1.32993555
 27 11     -1.84571040     -1.39409053
 27 12      1.09292996      0.50245452
 27 13      1.23694050      0.73550552
 27 14     -0.16629732      0.42883694
 27 15     -2.14394975      1.04496920
 27 16     -2.52797556      0.29237974
 27 17     -1.97149897      1.01741171
 27 18     -0.74515289      0.54353124
 27 19     -0.71649981      2.92678642
 27 20      1.10888159      2.45731974
 27 21     -0.16365853     -2.39780474
 27 22     -0.46687162     -2.27732444
 27 23     -0.20063730     -0.84971964
 27 24     -2.57301402      1.58225310
 27 25     -2.26475930      1.22275221
 27 26     -0.44574279     -1.00091052
 27 27     -0.21787487     -1.85697496
 28  0     -1.56959665
 28  1      0.51673788     -0.22427927
 28  2      0.96141225      0.24639305
 28  3      1.27801180     -0.74600738
 28  4      1.03718424     -0.73410422
 28  5     -1.52487767     -0.42821020
 28  6      0.17017101      0.49685648
 28  7      0.31577760      0.54203904
 28  8     -1.04630923     -0.60268188
 28  9      1.56892693     -1.23243260
 28 10      1.79950202      0.30623880
 28 11     -1.36192310      2.23719883
 28 12     -1.63625550     -0.03569829
 28 13     -1.23593092     -0.80523115
 28 14     -0.77360588     -0.37647992
 28 15      1.51787913      0.03061565
 28 16      3.25621581     -0.69755882
 28 17      1.08202028     -2.37486839
 28 18      0.22079480     -0.33822295
 28 19      2.06015539     -1.71305525
 28 20      0.96990073     -1.65039992
 28 21      1.40553331      1.06268501
 28 22      1.73361099      1.19082057
 28 23      0.79666287      0.90326780
 28 24      1.58074963     -0.34086260
 28 25      1.28999817     -0.71881479
 28 26      1.16936696      3.39135027
 28 27     -0.85107833      1.68998170
 28 28     -0.73612499     -0.87914306
 29  0     -0.59956342
 29  1     -1.04298973     -0.10772204
 29  2     -0.49525949      3.17237997
 29  3     -1.50551152      0.36270422
 29  4      1.41323841     -0.55250371
 29  5      1.28639019      0.90055662
 29  6     -1.92028356     -0.23725484
 29  7     -1.90240502     -0.26034492
 29  8     -1.04242408     -0.41398388
 29  9     -0.20993212      1.80196106
 29 10      0.76160252      1.75296950
 29 11      0.50412858     -0.51135427
 29 12     -1.54709530     -1.16444671
 29 13      0.54283839      0.65333045
 29 14      0.52887601      1.31339896
 29 15     -1.23572290     -0.25508147
 29 16     -2.43157363      0.01817065
 29 17     -0.25042087      1.03740871
 29 18     -0.07818325      0.78217524
 29 19     -1.87932277     -0.81418085
 29 20     -2.36792564      0.93218261
 29 21     -1.66692472      2.20121408
 29 22      0.18935210      0.26897109
 29 23     -0.04542711     -1.46529150
 29 24      1.84532881     -0.16821954
 29 25     -1.43654072     -0.37344274
 29 26     -1.13212717     -0.73172402
 29 27      0.77697259     -0.34824637
 29 28     -0.69840670     -1.61242461
 29 29     -0.06963577      0.06422571
 30  0     -1.24189055
 30  1     -0.03959674      0.22467068
 30  2      0.08966959     -1.90772307
 30  3     -0.09841651      0.53844368
 30  4     -1.33787501      0.00251930
 30  5     -0.26755175     -0.43430266
 30  6     -0.27303216     -0.80011642
 30  7      1.18899155     -0.61128861
 30  8      1.75060260     -0.74717152
 30  9     -1.62649691     -1.62613535
 30 10     -2.17547679     -1.33870244
 30 11      0.63540775     -0.15577765
 30 12      1.37855482      1.23630238
 30 13     -0.96217924     -0.13826436
 30 14      0.06513114     -2.01210213
 30 15      0.42704350     -1.02258646
 30 16      1.58230793      0.97639805
 30 17      0.97863942      0.79320401
 30 18     -0.05339953     -1.60812855
 30 19      0.40735057     -0.06092460
 30 20      3.54421592     -0.52509040
 30 21      0.81118023     -0.99759310
 30 22      1.04195201      1.48750377
 30 23      0.10846554      3.26481199
 30 24     -1.30526650      2.22835946
 30 25      0.48157600      2.07944584
 30 26      0.25788170     -0.71873426
 30 27      0.27318284     -0.60777277
 30 28     -0.18614385      2.06207538
 30 29     -0.85358202      0.88906860
 30 30      1.82575572      1.06395757
 31  0      1.26128292
 31  1      0.17060679     -1.82537937
 31  2     -0.86414939     -2.29581380
 31  3      0.48315442      1.07841480
 31  4     -1.06804371     -0.49723110
 31  5      1.54492676     -1.08518720
 31  6      3.26806450      0.54270506
 31  7     -0.62797636     -0.46669802
 31  8     -1.54736459     -0.39009470
 31  9     -0.09446067      0.02882790
 31 10     -0.18969075      0.59497660
 31 11      0.21777433      0.79124552
 31 12      1.04191208      0.34155810
 31 13     -0.47531790     -0.14615045
 31 14     -0.35522097      0.31093678
 31 15      0.65174907      1.55214465
 31 16     -2.63096929     -0.31275988
 31 17     -3.07508254     -0.70122695
 31 18     -0.49117565      1.07097566
 31 19     -0.07438514      0.93152696
 31 20     -2.00525308     -0.92533666
 31 21     -0.57595402     -1.37074351
 31 22     -2.11799240     -2.21001697
 31 23     -0.74984932     -1.74368250
 31 24     -1.52839160     -1.69266796
 31 25     -0.12838785      0.09345643
 31 26      1.84998584      1.28819966
 31 27      1.07746351      0.73081625
 31 28      0.61568016     -1.91878986
 31 29      1.46064711     -2.47086167
 31 30     -0.16927947     -1.35015130
 31 31     -0.44394574      1.01741087
 32  0     -1.74696732
 32  1      0.40591392      1.78526115
 32  2      0.96460873      2.87483644
 32  3      0.26937035     -2.59692335
 32  4      1.61980832     -0.16867267
 32  5     -1.24065626      1.24504399
 32  6     -2.54673123      0.67468178
 32  7     -0.53820437      0.87118918
 32  8      0.22359321      0.44813606
 32  9      2.14428210     -0.06600508
 32 10      1.62155366     -1.13400328
 32 11     -1.32738841     -0.32326636
 32 12     -1.63617802     -0.57060832
 32 13     -0.78293866      0.77453566
 32 14     -1.32632697      0.14691211
 32 15     -1.97810364     -0.65044785
 32 16      1.86027229     -1.50970376
 32 17      4.58363819     -1.33757997
 32 18      1.38066423     -0.28889373
 32 19      0.25736269     -1.16842878
 32 20      0.25515154      0.59661752
 32 21      2.83446956     -0.01638840
 32 22      1.07364774      1.54326558
 32 23      0.34976557      1.08697248
 32 24      1.73586321      1.57333982
 32 25     -0.73269862     -0.41660491
 32 26     -0.69762683      1.44786787
 32 27     -1.31568229      0.11282718
 32 28     -0.38271752      0.86221462
 32 29      0.36890882      1.49901199
 32 30     -1.21353841     -0.10429285
 32 31      1.42590916      0.93505716
 32 32      1.36630583      1.12581313
 33  0     -1.02726471
 33  1     -0.69154048      1.10829794
 33  2     -1.06907046     -0.87266845
 33  3     -0.44910213      0.73325378
 33  4      0.77696174      1.20738328
 33  5     -1.01317430     -1.03039134
 33  6      0.55752754     -2.50516725
 33  7      2.69102597     -0.45114526
 33  8     -0.33131930     -0.88516259
 33  9     -1.56356192     -0.09656098
 33 10     -0.37717435      0.63341975
 33 11     -0.84618706      0.25188065
 33 12     -0.27574885     -1.54782927
 33 13      1.62054539     -1.71126044
 33 14      2.37484646      0.14513341
 33 15      1.94535160      0.55194712
 33 16      2.11338305      0.67638284
 33 17     -3.03620028      0.53113157
 33 18     -3.84089613     -0.01704003
 33 19     -0.76978660      0.31702858
 33 20      1.41981423      1.30396986
 33 21     -2.27706909      1.11358654
 33 22      0.21776001      1.19067931
 33 23     -1.98456669      0.04267679
 33 24     -0.99411392     -1.51883054
 33 25     -0.52396971     -1.71446514
 33 26     -0.48610103     -1.57567322
 33 27      1.54927409      2.21773696
 33 28     -0.28155842      1.38717020
 33 29      1.14363050     -0.03193565
 33 30      2.38032436     -1.17034578
 33 31      0.10082467     -1.71269917
 33 32     -0.06234363     -1.81236494
 33 33     -1.04091227     -0.06101612
 34  0     -1.74265373
 34  1      0.14196074     -2.83019400
 34  2      2.27204418     -0.14792204
 34  3     -0.67723602      2.46235728
 34  4     -2.96251082     -2.84179950
 34  5      2.17585039     -0.68141258
 34  6     -0.24903934      1.62229037
 34  7     -1.42327273     -0.75343084
 34  8      0.70635861     -1.04469419
 34  9     -0.69614708      0.24793468
 34 10     -0.64261121      0.54661793
 34 11      2.36657286     -0.66852278
 34 12      1.23972166      0.69906265
 34 13     -1.17577755      1.64792490
 34 14     -0.91886932      0.65013450
 34 15     -1.99372172     -0.30986130
 34 16     -5.17142344     -0.70536274
 34 17     -1.22441494      1.03563118
 34 18      4.17620945      0.02208640
 34 19      2.25680709     -0.37708408
 34 20     -0.35879722     -2.36976933
 34 21     -0.56980878     -1.17890072
 34 22     -0.01801425     -1.61719203
 34 23      1.32790196     -0.29560834
 34 24     -1.13048410      1.32474506
 34 25     -0.20736207      0.42363891
 34 26      1.30832791     -0.68254024
 34 27     -0.18471433     -2.04488063
 34 28      0.30473766     -0.52842885
 34 29     -0.86806190      0.33560172
 34 30     -1.13658178      0.64722115
 34 31      0.29920110      0.92189890
 34 32      0.03441634      0.45128649
 34 33     -0.83865100      0.59088737
 34 34     -2.40878749      0.99798411
 35  0      2.03983998
 35  1      0.90453112      0.91005516
 35  2     -3.64036703     -1.13945150
 35  3     -0.24372007     -1.89310455
 35  4      1.13222039      2.88216138
 35  5      1.39459729      2.74960709
 35  6      0.83277231     -0.44578639
 35  7      0.39191523     -1.08753633
 35  8      1.21060646      1.04268670
 35  9     -0.30071443     -0.34451944
 35 10      0.42796531     -2.07177544
 35 11      1.00877488      1.12030995
 35 12     -0.84589130      1.13720179
 35 13     -2.13737869     -0.56339538
 35 14      0.25334552     -2.24452114
 35 15      1.46531105      0.14924948
 35 16      3.66333628      0.51868975
 35 17      3.71256566     -0.92416191
 35 18     -1.72430003     -0.77197218
 35 19     -3.44895816      0.30594447
 35 20     -2.23062229     -0.01522640
 35 21      1.59850991      0.16014220
 35 22      0.31586853      1.00770986
 35 23      2.00358534      0.29426125
 35 24      0.50767487     -0.63962305
 35 25     -0.73068863      0.24206452
 35 26      1.95450926      1.77493954
 35 27     -0.57906908      0.30869082
 35 28     -0.46494904      0.77768862
 35 29     -0.17895724     -0.13937284
 35 30     -0.33184561      0.61499298
 35 31      1.15965796      0.79466003
 35 32      1.81411684     -0.27813795
 35 33      1.65429056      0.05253685
 35 34      0.46616790     -2.47649312
 35 35     -1.49013579     -0.67777604
 36  0     -3.79872561
 36  1     -3.15305996      1.78826416
 36  2      1.41293097     -0.76298183
 36  3      3.88142467     -0.21853858
 36  4      1.32379544      0.67089474
 36  5     -2.99757838     -2.51768351
 36  6      0.11138292      0.03089505
 36  7     -1.25011945      2.56535244
 36  8     -1.45421100     -0.33217579
 36  9      1.88294649     -0.21523131
 36 10      0.05737380      1.05784142
 36 11     -5.14443207      1.17079616
 36 12     -1.97286928     -2.96865082
 36 13      1.62118137     -1.97083473
 36 14      0.93746156      1.03056502
 36 15     -0.18447140      1.68977070
 36 16      1.19938958      0.04152422
 36 17     -4.24532127     -0.71728551
 36 18     -2.77652240      1.18014610
 36 19      2.10876131      0.10692862
 36 20      3.15090036      0.89656496
 36 21      0.62955195     -0.39112833
 36 22     -0.50730938      0.02884565
 36 23     -2.00418568     -0.72597444
 36 24      0.14045364     -0.09961517
 36 25     -1.60387361      0.17054012
 36 26     -0.53598928      0.45675567
 36 27      0.12378826      0.09664290
 36 28      0.03256618     -1.81124651
 36 29      0.67223161      0.24955443
 36 30      1.68752086     -1.91782176
 36 31     -0.90501833      0.51982737
 36 32     -1.36219478      0.72159183
 36 33     -1.87691462      0.33551893
 36 34      1.05634630      1.13689220
 36 35     -1.22699881     -1.29057395
 36 36     -3.45111609     -0.48988840
 37  0     -1.07093012
 37  1      4.14095497     -0.83879960
 37  2     -0.29167476      2.35802317
 37  3     -5.38363361     -0.94806343
 37  4     -1.78139508     -2.45721006
 37  5      0.83392328      1.87690580
 37  6     -0.64037055      0.97216403
 37  7      2.44841576     -2.29017091
 37  8      1.47640324     -2.38218713
 37  9     -0.90405571      1.66300595
 37 10     -1.66365910     -0.29374078
 37 11      2.65257359     -1.38538003
 37 12      4.25600100     -0.03200723
 37 13      0.50962269      1.96150947
 37 14     -2.73760366     -0.09099932
 37 15     -1.07049429     -1.38502538
 37 16     -0.70344305     -0.09849007
 37 17      2.83911586      1.37391710
 37 18      4.52192259     -1.22564089
 37 19      0.93686706      0.05659546
 37 20     -1.55691302      0.88826722
 37 21     -3.37963963      0.67136139
 37 22     -1.80661047     -0.33602607
 37 23     -0.01279942     -0.35241526
 37 24      0.56904936      0.34801829
 37 25      2.11425185     -1.88704777
 37 26     -0.62112820     -1.20576060
 37 27      1.43271422      2.06161857
 37 28     -1.25568593      1.43759716
 37 29     -1.38684273      1.04711342
 37 30     -0.56677884      1.12303865
 37 31     -0.01399496      1.10899210
 37 32      0.26713851     -1.38736594
 37 33     -1.00581050      0.29307228
 37 34     -1.67017817     -0.28974044
 37 35      2.46115160     -0.75179780
 37 36      2.91145849      1.05293655
 37 37     -0.03591464     -1.56514359
 38  0      0.26494983
 38  1     -3.20846915     -0.78776920
 38  2     -0.98968399      0.30536944
 38  3      0.89737982      0.31396082
 38  4      1.29594123      0.46554223
 38  5      2.63792229     -0.55761582
 38  6      0.35119444     -1.78703713
 38  7     -0.41984424      0.41791713
 38  8     -1.66899824      1.35662866
 38  9     -0.55537915     -1.10087097
 38 10      3.81619740     -2.23461962
 38 11      2.68852162      0.89742070
 38 12     -5.47102261      2.47560048
 38 13     -4.68057346     -1.14373302
 38 14      0.99895686     -1.62771308
 38 15     -0.06999087      0.13732229
 38 16     -1.28111935      0.50015861
 38 17     -1.30940151     -0.60836411
 38 18     -3.88178802      0.21251309
 38 19     -3.26866055      1.22230482
 38 20      0.67502558     -1.59078228
 38 21      3.47132802     -0.92660069
 38 22      2.46274972      0.15885362
 38 23      1.44641232      0.74972773
 38 24     -0.45057335     -0.32352993
 38 25     -1.28008246     -0.55992782
 38 26      0.07693289      1.21728563
 38 27     -1.07928801     -1.26845312
 38 28     -0.57366788      0.27947313
 38 29     -0.53804249     -3.30139709
 38 30      0.40531862     -1.68232095
 38 31      2.15649080     -0.55038768
 38 32     -0.91954345      1.09243965
 38 33      0.91354018      0.12977134
 38 34      0.67081994      0.66282117
 38 35     -1.45158327      1.12894714
 38 36     -1.64046228     -2.13374114
 38 37      0.56229228     -0.51741767
 38 38      0.20909818     -1.56335616
 39  0     -3.55686784
 39  1      2.64923835      0.36435431
 39  2      2.81112599     -1.91665518
 39  3      0.85571384      1.71918476
 39  4     -1.06096590      0.03962801
 39  5     -0.64812791     -0.21886316
 39  6      0.53887290      2.67763829
 39  7     -1.27800298      1.32577121
 39  8      2.36508751     -1.01425195
 39  9      1.28338730     -0.00182475
 39 10     -2.93716741      2.13295960
 39 11     -3.55798292     -0.18239851
 39 12      2.02341056     -1.91711915
 39 13      4.96606636     -0.86531019
 39 14      3.49077344      0.60687333
 39 15     -0.20548247      0.62653130
 39 16      1.06015778     -2.22845101
 39 17     -0.67913628     -1.00180972
 39 18      2.07979608      0.21364234
 39 19      2.15123510     -3.02406073
 39 20      0.80694598      0.52494800
 39 21     -0.37268785      1.15631235
 39 22     -2.75577426      1.00811744
 39 23     -1.90245950     -0.11542686
 39 24     -0.38383579      1.24336219
 39 25     -2.00377536      0.95234472
 39 26      1.39310730      2.11200476
 39 27      0.66292799     -0.67899370
 39 28      1.67070735      0.71339840
 39 29     -0.82928711      1.34622478
 39 30     -2.76684618      1.08761096
 39 31     -3.06659150      1.15755284
 39 32      0.00844699      0.21901549
 39 33     -0.45408446     -1.20196092
 39 34     -0.91287893     -2.02107859
 39 35     -0.55492634      0.04252813
 39 36     -1.00626540      0.96675664
 39 37     -0.28092074      0.35790071
 39 38     -0.06832170      0.73512137
 39 39      0.73992848     -0.56394792
 40  0     -1.02691197
 40  1     -1.90732932      0.38854024
 40  2     -2.67176986      0.05002050
 40  3      0.57930899     -0.41133764
 40  4     -0.21567169      0.05903680
 40  5     -1.92872286     -0.32678467
 40  6      0.46750966     -1.77217555
 40  7      2.19320297     -0.89288533
 40  8     -1.06156087     -0.21928270
 40  9     -1.98724365      1.26463187
 40 10     -0.97705203     -1.38290262
 40 11      4.13870764     -2.26954627
 40 12      2.99669337     -2.22010970
 40 13     -4.78326130      0.63104582
 40 14     -4.13235998     -1.33575118
 40 15     -0.13807169      0.63193858
 40 16      0.13205194      0.52818453
 40 17      0.64038450      0.25674373
 40 18     -0.37446249     -0.22496618
 40 19     -2.00077462      1.54322100
 40 20     -2.31399250      2.29356384
 40 21     -0.27021995     -0.27187020
 40 22      1.53702855     -2.04200411
 40 23      1.59785187     -2.05216765
 40 24      1.00197458     -2.01080513
 40 25      0.58022588     -2.18892121
 40 26      0.01823108     -1.36729884
 40 27     -0.59390223      0.46377045
 40 28     -1.78088629     -1.52265954
 40 29     -0.93029320      0.08736891
 40 30      2.16337705     -3.16317391
 40 31      1.42484629     -2.52226043
 40 32      0.53094977     -0.80010307
 40 33     -1.65834081     -0.91048527
 40 34      1.33917737      0.01145812
 40 35      2.28838992      0.55755585
 40 36      2.41247821     -0.53229421
 40 37      1.47898185     -0.74892896
 40 38      0.23545066     -2.50370765
 40 39      1.51296926     -0.43345499
 40 40      4.32912731      0.69370294
 41  0     -4.01599216
 41  1     -0.38156068      0.25728142
 41  2      1.58830905      0.50391829
 41  3     -1.39854753     -2.32064438
 41  4     -1.33161879      0.26909855
 41  5      1.71303451      0.13786237
 41  6     -0.52310741     -0.90669906
 41  7     -0.11332694      0.21497868
 41  8      0.83341008      0.52193516
 41  9      3.29009795     -1.79652202
 41 10      2.11737752     -0.01220461
 41 11     -2.67338300      2.56635690
 41 12     -3.93033624      1.57770586
 41 13      1.61159694      0.71626860
 41 14      3.61407137      0.96431035
 41 15      1.96600127      0.17344512
 41 16     -0.44495973      0.91626966
 41 17      0.58304596      0.57605588
 41 18     -0.62388766      0.97551721
 41 19      3.18555498     -0.14532018
 41 20      2.39964914     -3.30592847
 41 21      0.07285371     -0.86290944
 41 22      0.26791295      2.06808567
 41 23     -1.22764885      1.59574926
 41 24     -0.26019061      0.76525497
 41 25     -0.58427364     -0.62160105
 41 26     -1.54528129      1.43991101
 41 27      0.85776502      1.62484396
 41 28      0.74013561      0.73468822
 41 29      1.13172412      0.52622545
 41 30      0.79458076      1.65887928
 41 31     -0.39542261      0.13203734
 41 32     -1.89750421      0.68554318
 41 33      0.35601285      1.25317347
 41 34     -2.46104169     -0.73026991
 41 35     -0.27864289     -1.16016614
 41 36     -0.64152259     -0.26732099
 41 37     -1.80602980      1.47999382
 41 38      0.59243023      1.08019447
 41 39     -1.79071271      1.17137885
 41 40     -1.47763801      1.64048898
 41 41      1.06241083     -0.12128642
 42  0      1.30728412
 42  1      0.33962610     -0.96108478
 42  2     -2.74872255      0.43157396
 42  3      1.27100611      2.70620298
 42  4      3.02188945     -0.39116091
 42  5     -0.16308656     -0.74118203
 42  6     -1.23231828      1.61305177
 42  7     -0.81728959     -0.69562840
 42  8      1.19989848     -0.12602739
 42  9     -1.40799439      1.22171152
 42 10     -1.95406568      1.63028240
 42 11      0.34189731     -0.92110956
 42 12      2.12403297     -0.45017594
 42 13      0.89404821     -1.55618072
 42 14     -2.06151080     -1.75674307
 42 15     -2.68917274     -2.38508368
 42 16     -1.21550822     -0.38111380
 42 17     -1.13288093     -1.55772972
 42 18      0.27085930     -0.39680657
 42 19     -1.69554996     -1.53768671
 42 20     -2.44075918      0.88683879
 42 21      0.20622633      1.42747617
 42 22      1.55346072     -0.41830707
 42 23      2.40623903     -1.64400995
 42 24      0.80750680     -1.07587314
 42 25     -0.58220035     -1.52156198
 42 26      0.73686630      0.65022117
 42 27     -0.48206079     -2.87291288
 42 28      0.79167646     -1.56704450
 42 29     -1.35849619     -2.51567173
 42 30     -1.82305193      1.33395028
 42 31      1.39832401     -0.33840284
 42 32      1.34768569     -0.30633777
 42 33      1.43235052     -1.37762046
 42 34     -0.47557390     -1.80137944
 42 35     -1.57380021      0.10412961
 42 36      0.07926802     -1.91442764
 42 37      1.16321027      0.79729396
 42 38      3.87541318     -0.35192898
 42 39      3.27888441     -3.48953557
 42 40      1.13878298      1.83344352
 42 41      1.45199561      1.70956326
 42 42      0.40181735     -0.71216613
 43  0     -4.66093540
 43  1     -2.49055433      0.50866807
 43  2      2.40370393      1.85380399
 43  3      1.35532892      0.28523946
 43  4     -5.33358049     -2.04235029
 43  5     -0.88573009      0.65903890
 43  6      3.36443377      1.48358667
 43  7     -1.91614139     -1.13365316
 43  8     -2.22039294     -1.68931139
 43  9      0.27196878      1.23118210
 43 10      1.51303530     -1.88775003
 43 11      3.27867246     -0.55217248
 43 12     -1.51094198     -0.31967598
 43 13     -4.04374599      0.92603785
 43 14      1.23058867      0.54826158
 43 15      1.45739973      3.70052600
 43 16      2.55608797      0.30583480
 43 17      2.29945469      0.09038369
 43 18      0.55549109      0.67600578
 43 19     -1.80935550      1.78206754
 43 20      2.35921884      1.78376961
 43 21      1.94795918     -1.70392644
 43 22     -2.19628859     -0.81733662
 43 23     -1.01218081      1.32150912
 43 24     -0.21534716      0.84674716
 43 25     -0.28578439      1.24754012
 43 26      1.37353194      2.08539891
 43 27      0.49344212     -0.17577918
 43 28     -1.61298823      0.20432974
 43 29     -0.45712110      1.92407739
 43 30      0.66392541     -0.60122168
 43 31      1.28245521      0.02527247
 43 32      1.55368817      0.42311257
 43 33     -0.70287502      2.04130960
 43 34     -0.55202138      0.92828792
 43 35      0.28075376      1.39187491
 43 36      2.10955191      1.25157034
 43 37     -0.09544691      1.38074088
 43 38     -0.44331568      0.91390377
 43 39     -1.98870265      1.29353356
 43 40     -3.80516124     -0.43605557
 43 41      1.30908859      0.95227993
 43 42      1.11379898      1.20914173
 43 43     -1.04929292      1.41313696
 44  0     -3.07048225
 44  1      3.06046367     -1.03279400
 44  2     -1.02546203     -0.91256624
 44  3     -5.38583040     -1.03565252
 44  4      2.14459038      1.30018544
 44  5      2.96099544     -0.36839661
 44  6     -1.52793658     -2.36379480
 44  7      1.04290915      0.72375464
 44  8      1.61172175     -0.01296489
 44  9      1.13962185     -2.95967054
 44 10     -2.14234471      0.79140347
 44 11     -1.44285262      2.43085051
 44 12     -0.15630227     -1.20599127
 44 13      2.74280453      0.09877893
 44 14     -1.26458359     -1.38354564
 44 15     -0.60300201     -0.94900024
 44 16      0.27121210     -0.26600885
 44 17     -1.07482898      0.46209198
 44 18     -1.83191442     -0.43763167
 44 19      0.72624040     -0.95125854
 44 20     -1.19413197     -1.61712468
 44 21     -2.39776969     -1.68769467
 44 22     -0.32001275      1.18088353
 44 23      1.86856771      0.06623477
 44 24      4.58801031     -1.10686195
 44 25      0.40276536     -3.65044665
 44 26     -1.84744501     -1.01615977
 44 27     -1.31179559      0.91459459
 44 28      0.23371714      0.48761436
 44 29      1.45516407     -0.63644654
 44 30     -0.47895360     -0.25810483
 44 31     -2.88794589     -0.19554281
 44 32     -0.83382374      1.10764647
 44 33      0.34994441      1.25904274
 44 34     -0.20010936     -0.37216949
 44 35      0.62440884     -0.61764151
 44 36     -2.33958864     -0.71009797
 44 37     -2.17172074     -0.70334733
 44 38      0.16860016      0.92496586
 44 39      1.97604215     -0.15847845
 44 40      1.11928284      0.04056866
 44 41      0.56436235     -0.83746696
 44 42      0.39992541      0.59803140
 44 43     -0.64865077     -0.39932680
 44 44     -1.28392887      1.53218031
 45  0     -0.42111164
 45  1     -2.50663805     -0.63232189
 45  2     -0.73512095      0.29423347
 45  3      4.40282059      0.62851781
 45  4     -0.01775442     -1.80117881
 45  5     -4.19679451     -0.98935670
 45  6      0.44040823      0.14613180
 45  7      2.56618309     -0.34645480
 45  8      0.04814578     -0.57157755
 45  9     -1.96257305     -1.60613251
 45 10      0.30575955      1.92428792
 45 11      0.00543087      0.14658339
 45 12      1.98405123      1.40613866
 45 13      1.01910222     -0.25361285
 45 14     -0.54414648      0.58844835
 45 15     -0.01330735     -0.57024777
 45 16     -1.22471595      1.05232024
 45 17      0.32113892     -0.63221210
 45 18      3.19332814     -0.10529067
 45 19      1.16977429      0.52760166
 45 20     -1.24511957      1.99578822
 45 21      1.47979212      0.97803801
 45 22      2.68593192      0.24178365
 45 23     -1.47355008     -0.61829853
 45 24     -1.97150612      0.98070484
 45 25     -1.76056218      0.77798736
 45 26      0.33499667      2.18153691
 45 27      2.35674763      0.41340253
 45 28      1.13933408     -1.94156480
 45 29      0.87926269     -0.75699717
 45 30     -0.37370312      2.46419096
 45 31      0.01362743     -0.48250511
 45 32     -1.18014920     -0.55637825
 45 33     -0.67164731     -1.40250123
 45 34     -0.93708146     -0.53950083
 45 35     -1.56369567      2.27010536
 45 36      2.13307095      2.69796634
 45 37      1.93646693      2.22596741
 45 38      4.61792707     -1.06202960
 45 39     -1.09160161     -0.48857263
 45 40     -2.83444738      1.39142597
 45 41      0.21975569      0.30858567
 45 42     -0.68523234      0.29513603
 45 43      0.40123180     -0.85533553
 45 44      1.67160773      0.80380523
 45 45     -1.48004293      1.80311167
 46  0     -4.02770996
 46  1     -2.26908731      0.62287766
 46  2      4.02328968     -1.51983345
 46  3     -0.72845924      1.70987737
 46  4     -5.70369291     -0.76659071
 46  5      3.81467772      0.29254910
 46  6      1.60556126     -1.05729496
 46  7     -5.23432159     -1.54607940
 46  8     -0.24734287      1.20943880
 46  9      0.97981781      2.15607285
 46 10      1.35084355     -3.27718043
 46 11     -1.00941384     -1.00754988
 46 12     -1.87095821     -0.29729933
 46 13     -1.18378103     -1.03077400
 46 14      2.45070720     -0.57397634
 46 15     -2.82892561      0.97026467
 46 16      0.74104106     -0.28279340
 46 17      1.27777076     -1.37891102
 46 18     -0.24407332      0.58450824
 46 19     -2.42242289     -0.44514629
 46 20      0.65908527      1.09461868
 46 21      1.27989423     -0.71126950
 46 22     -1.01120865     -2.65709686
 46 23     -0.75265694     -1.43222237
 46 24      0.63777649     -0.08028451
 46 25      2.01173830      0.41728169
 46 26      1.49343598     -1.27256477
 46 27     -1.56970751     -1.63792193
 46 28     -2.31163907     -0.73239756
 46 29     -1.14941835      1.06641388
 46 30      0.33515877     -0.60655761
 46 31      0.96077776     -1.80717862
 46 32     -0.22666666     -0.10360342
 46 33      0.69582957      2.59794927
 46 34      0.16826691      0.81799680
 46 35      0.60279584      0.41916409
 46 36      0.12414325     -1.26124716
 46 37     -1.79894972     -0.69085664
 46 38     -2.07902598      2.30517054
 46 39     -1.06574309     -1.15709317
 46 40     -2.94505286     -1.71320581
 46 41      0.31921321      0.45992902
 46 42      0.48722059      1.22914302
 46 43      1.04834962      1.69324553
 46 44     -0.53602856      0.54758412
 46 45     -1.20728505     -1.49222255
 46 46      0.10495279     -0.26352793
 47  0     -2.56486249
 47  1      1.45463622     -0.36438978
 47  2     -4.71638441      0.66939998
 47  3     -0.97994238     -0.03318183
 47  4      4.10228586     -0.05861635
 47  5     -0.77945405     -0.21155661
 47  6     -3.07679296      1.67397177
 47  7     -0.15763475      0.19967936
 47  8      1.81218719     -1.89594364
 47  9      0.28229952     -1.43159091
 47 10     -1.79342282     -0.84803396
 47 11      0.03562750      0.27888113
 47 12      0.94697750     -2.77006197
 47 13      0.52294821      0.56361616
 47 14      1.08005011      0.18322618
 47 15      1.81121516      2.98883820
 47 16      1.68733656      1.82082152
 47 17     -0.24238609      0.80374825
 47 18     -0.86603248     -0.31829655
 47 19      1.53765321      0.18070543
 47 20      0.53800094      1.97229612
 47 21     -1.02339447      1.52773392
 47 22     -0.25597039      0.37382561
 47 23      1.24492133     -0.73051459
 47 24      0.18692899      0.11714589
 47 25     -2.94244981     -1.80117738
 47 26     -2.51459384      0.06312736
 47 27     -0.44456512      0.70048141
 47 28      0.52996200      0.82108736
 47 29      2.72490120      1.18956995
 47 30      1.14739871      1.50648606
 47 31      0.79235393      0.23241080
 47 32      1.08094430     -0.55210257
 47 33      0.47692412      0.16871506
 47 34      0.40762493     -0.74930012
 47 35     -1.07132900     -0.74251330
 47 36     -2.08945298     -0.16285957
 47 37     -1.89216614     -1.01710725
 47 38      2.14861250      0.92345136
 47 39      3.08058333      0.70296645
 47 40     -0.26503721     -0.68701559
 47 41     -0.29695264     -0.39955986
 47 42     -1.01586878      0.10910311
 47 43      0.89232111     -1.14880705
 47 44      0.93610251      1.67393124
 47 45     -2.08823085      0.98210502
 47 46     -2.40120554      0.34488031
 47 47     -1.33891821     -1.87888420
 48  0     -3.62366080
 48  1     -1.77995908     -0.95544088
 48  2      1.00580561     -0.69361788
 48  3      1.24286473     -2.31867361
 48  4     -2.25683665      0.69590873
 48  5     -4.08328438      0.26131582
 48  6      3.32057047     -1.69465256
 48  7      2.93039823     -2.33975673
 48  8     -2.80243897     -0.05984820
 48  9     -0.77754718      0.95686203
 48 10      2.38380837      3.47501874
 48 11      2.16222405      0.08128236
 48 12      0.97080845     -0.50174421
 48 13      0.31697530      0.22994708
 48 14     -1.38186145     -1.47768402
 48 15     -0.52551502     -2.56634331
 48 16     -3.64665198      0.38686270
 48 17     -0.74744838     -1.42950547
 48 18      3.33173347     -1.65683484
 48 19     -0.71582043     -1.04385173
 48 20     -2.88029146     -1.64573884
 48 21     -0.94272500     -1.01327538
 48 22      1.28087759     -0.90873539
 48 23      1.31697869     -1.64958823
 48 24      2.10150957     -0.86326540
 48 25      2.40257740     -1.69796038
 48 26      1.23079467      1.26436853
 48 27      1.95937276      0.59972155
 48 28      0.56581950     -1.13790894
 48 29     -1.73594034     -1.37840033
 48 30      0.41604066      0.54400820
 48 31     -2.14055037     -1.25309527
 48 32     -2.24527740     -1.18581378
 48 33     -1.10190272      0.13165556
 48 34     -2.35946465      2.41348696
 48 35      0.49788406      1.57897317
 48 36      2.97650838     -0.39711288
 48 37      1.67622709     -1.05000579
 48 38      1.14274347      0.71519142
 48 39     -2.28175306     -0.29205024
 48 40     -1.35512710     -0.64202183
 48 41      0.92017800     -0.09286862
 48 42      0.41269389      0.63331610
 48 43     -0.23813994      0.66450930
 48 44      0.48017696      0.44317639
 48 45      0.40652058      1.28177595
 48 46      0.08767040     -1.67206335
 48 47      3.40829706     -0.00803558
 48 48      0.24724324     -2.38752341
 49  0     -4.75869608
 49  1      2.49976850     -1.55655897
 49  2      3.45432043     -0.33961099
 49  3     -5.83466768      0.65370679
 49  4      0.11644084     -2.06688190
 49  5      4.20025158     -2.04628062
 49  6     -3.03731275      0.21946929
 49  7     -4.72365665      3.22912383
 49  8      1.87776971      1.13429403
 49  9      2.77250648     -1.06680751
 49 10      1.28316474     -1.88608897
 49 11     -2.12969208      0.40274402
 49 12      0.52112246     -0.34823164
 49 13      0.81455779     -2.35780644
 49 14     -0.56680006      0.76454622
 49 15     -1.28221643      0.67595804
 49 16      2.90816736      1.25596857
 49 17      1.19764054     -0.83108139
 49 18     -0.72854644     -0.81209511
 49 19     -1.15690291     -0.43357345
 49 20      2.86324930      1.20637262
 49 21      1.12442672      0.96906215
 49 22      1.02520752      0.62008047
 49 23     -0.77238083      1.62926865
 49 24      0.21801299      1.26070452
 49 25      0.05991850     -0.22283606
 49 26     -2.23872590      1.85580933
 49 27     -2.01340342      0.73423630
 49 28     -0.37796268      0.43970391
 49 29     -1.37214792      1.07381189
 49 30      1.49571717      0.12896509
 49 31      0.58872998     -0.64274150
 49 32      0.49398869     -1.26629734
 49 33      2.22033668      0.05371195
 49 34      0.30115929     -1.03900588
 49 35      0.13580690      0.66925597
 49 36      1.81044722     -1.57414341
 49 37     -0.32161856      1.15296161
 49 38      0.20442793     -1.83012617
 49 39     -1.59687960     -1.27306187
 49 40     -1.45428991     -1.61578619
 49 41      0.76485574     -1.78841674
 49 42     -0.22059587     -1.21884811
 49 43      1.26645195      1.82072949
 49 44      0.34692761      0.84161401
 49 45     -0.36410078     -1.12878823
 49 46      0.85609531     -2.15448546
 49 47      0.16850266      2.86947560
 49 48      1.81207669     -0.84584087
 49 49     -0.46061221     -1.17265153
 50  0     -0.57952172
 50  1     -2.05005479      0.24204829
 50  2     -2.68362999     -0.90611899
 50  3      2.14781308      0.91755122
 50  4      5.47976255     -0.81100583
 50  5     -2.88915205      1.85064185
 50  6     -4.79650974      1.38147044
 50  7      1.61770725     -2.74284172
 50  8      3.42304540     -3.20925927
 50  9     -2.93534946      0.53258449
 50 10     -2.78862786      0.82187098
 50 11      1.32691336     -0.34398365
 50 12      1.37240374     -1.46078527
 50 13     -0.45105672     -0.36504409
 50 14     -0.45014608      0.94162959
 50 15      1.89822149      1.50419617
 50 16      1.05008924     -1.55941164
 50 17     -4.55229616     -0.67514551
 50 18     -0.53993213      1.31837714
 50 19      2.55973530      2.62071037
 50 20      1.27978671      1.07663667
 50 21     -0.87352002     -2.60400200
 50 22     -1.02372992     -5.13430738
 50 23     -3.21495461     -3.51663280
 50 24     -2.28600144     -0.19460821
 50 25      0.15576114     -1.85702538
 50 26     -0.55307031     -0.21391554
 50 27      0.02962300      1.03083718
 50 28      1.10987544     -0.80510813
 50 29     -0.50698549     -0.36624569
 50 30     -0.73117876     -0.22413932
 50 31      0.15128678      0.56200600
 50 32     -0.62308699     -1.47358847
 50 33     -0.98260075     -2.43914962
 50 34     -0.05330151     -0.33317974
 50 35     -1.86243618     -0.99749684
 50 36     -2.77549052      0.59266102
 50 37     -2.47279763     -0.39152601
 50 38      0.07033770      2.09882331
 50 39      1.70698202     -1.23962831
 50 40     -0.73316288     -0.63900101
 50 41      1.73900175      2.54463649
 50 42     -0.37486982      1.16296732
 50 43      1.99981236      0.05073180
 50 44      0.72643006      1.77476478
 50 45     -1.82127607      0.22422267
 50 46     -2.36976099     -1.36731768
 50 47     -1.44734585     -0.95162022
 50 48      2.55404997      1.86540830
 50 49      1.47836554     -0.08814771
 50 50      2.76212382     -0.06479421
