\comments
	 Dayly averaged Mars atmospheric profiles computed with MarsGram2001 
	date :	2000/1/1 12:0:0
	ground altitude :	-2.4914 km
	latitude :	0
	longitude :	180
\definition
	 \type_of_composition{mass_composition}
	 \mass_density_unit{kg/m3}
	 \pressure_unit{Pa}
	 \altitude_unit{km}
	 \ground_altitude{-2.4914}
	 \top_altitude{90}
\data
	altitude	temperature	pressure	density	CO2	N2	Ar
	89.899	125.0	0.1149E-01	0.4580E-06	0.957	0.027	0.016
	89.799	125.1	0.1166E-01	0.4646E-06	0.957	0.027	0.016
	89.699	125.1	0.1183E-01	0.4712E-06	0.957	0.027	0.016
	89.599	125.2	0.1201E-01	0.4779E-06	0.957	0.027	0.016
	89.499	125.2	0.1219E-01	0.4848E-06	0.957	0.027	0.016
	89.399	125.3	0.1237E-01	0.4917E-06	0.957	0.027	0.016
	89.299	125.4	0.1255E-01	0.4987E-06	0.957	0.027	0.016
	89.199	125.4	0.1273E-01	0.5058E-06	0.957	0.027	0.016
	89.099	125.5	0.1292E-01	0.5131E-06	0.957	0.027	0.016
	88.999	125.6	0.1311E-01	0.5204E-06	0.957	0.027	0.016
	88.899	125.6	0.1331E-01	0.5278E-06	0.957	0.027	0.016
	88.799	125.7	0.1350E-01	0.5354E-06	0.957	0.027	0.016
	88.699	125.7	0.1370E-01	0.5430E-06	0.957	0.027	0.016
	88.599	125.8	0.1391E-01	0.5508E-06	0.957	0.027	0.016
	88.499	125.9	0.1411E-01	0.5586E-06	0.957	0.027	0.016
	88.399	125.9	0.1432E-01	0.5666E-06	0.957	0.027	0.016
	88.299	126.0	0.1453E-01	0.5747E-06	0.957	0.027	0.016
	88.199	126.1	0.1475E-01	0.5829E-06	0.957	0.027	0.016
	88.099	126.1	0.1496E-01	0.5913E-06	0.957	0.027	0.016
	87.999	126.2	0.1519E-01	0.5997E-06	0.957	0.027	0.016
	87.899	126.2	0.1541E-01	0.6083E-06	0.957	0.027	0.016
	87.799	126.3	0.1564E-01	0.6170E-06	0.957	0.027	0.016
	87.699	126.4	0.1587E-01	0.6257E-06	0.957	0.027	0.016
	87.599	126.4	0.1610E-01	0.6344E-06	0.957	0.027	0.016
	87.499	126.5	0.1633E-01	0.6431E-06	0.957	0.027	0.016
	87.399	126.6	0.1656E-01	0.6519E-06	0.957	0.027	0.016
	87.299	126.7	0.1680E-01	0.6609E-06	0.957	0.027	0.016
	87.199	126.8	0.1704E-01	0.6700E-06	0.957	0.027	0.016
	87.099	126.8	0.1729E-01	0.6793E-06	0.957	0.027	0.016
	86.999	126.9	0.1754E-01	0.6886E-06	0.957	0.027	0.016
	86.899	127.0	0.1779E-01	0.6981E-06	0.957	0.027	0.016
	86.799	127.1	0.1805E-01	0.7077E-06	0.957	0.027	0.016
	86.699	127.1	0.1831E-01	0.7175E-06	0.957	0.027	0.016
	86.599	127.2	0.1857E-01	0.7274E-06	0.957	0.027	0.016
	86.499	127.3	0.1884E-01	0.7374E-06	0.957	0.027	0.016
	86.399	127.4	0.1911E-01	0.7475E-06	0.957	0.027	0.016
	86.299	127.5	0.1938E-01	0.7578E-06	0.957	0.027	0.016
	86.199	127.5	0.1966E-01	0.7683E-06	0.957	0.027	0.016
	86.099	127.6	0.1994E-01	0.7789E-06	0.957	0.027	0.016
	85.999	127.7	0.2023E-01	0.7896E-06	0.957	0.027	0.016
	85.899	127.8	0.2052E-01	0.8005E-06	0.957	0.027	0.016
	85.799	127.8	0.2082E-01	0.8115E-06	0.957	0.027	0.016
	85.699	127.9	0.2112E-01	0.8227E-06	0.957	0.027	0.016
	85.599	128.0	0.2142E-01	0.8340E-06	0.957	0.027	0.016
	85.499	128.1	0.2173E-01	0.8455E-06	0.957	0.027	0.016
	85.399	128.2	0.2204E-01	0.8572E-06	0.957	0.027	0.016
	85.299	128.2	0.2236E-01	0.8690E-06	0.957	0.027	0.016
	85.199	128.3	0.2268E-01	0.8810E-06	0.957	0.027	0.016
	85.099	128.4	0.2301E-01	0.8931E-06	0.957	0.027	0.016
	84.999	128.5	0.2334E-01	0.9054E-06	0.957	0.027	0.016
	84.899	128.5	0.2368E-01	0.9179E-06	0.957	0.027	0.016
	84.799	128.6	0.2402E-01	0.9306E-06	0.957	0.027	0.016
	84.699	128.7	0.2436E-01	0.9434E-06	0.957	0.027	0.016
	84.599	128.8	0.2471E-01	0.9564E-06	0.957	0.027	0.016
	84.499	128.9	0.2507E-01	0.9696E-06	0.957	0.027	0.016
	84.399	128.9	0.2543E-01	0.9830E-06	0.957	0.027	0.016
	84.299	129.0	0.2580E-01	0.9965E-06	0.957	0.027	0.016
	84.199	129.1	0.2617E-01	0.1010E-05	0.957	0.027	0.016
	84.099	129.2	0.2654E-01	0.1024E-05	0.957	0.027	0.016
	83.999	129.2	0.2693E-01	0.1038E-05	0.957	0.027	0.016
	83.899	129.3	0.2731E-01	0.1053E-05	0.957	0.027	0.016
	83.799	129.4	0.2771E-01	0.1067E-05	0.957	0.027	0.016
	83.699	129.5	0.2810E-01	0.1082E-05	0.957	0.027	0.016
	83.599	129.6	0.2851E-01	0.1097E-05	0.957	0.027	0.016
	83.499	129.6	0.2892E-01	0.1112E-05	0.957	0.027	0.016
	83.399	129.7	0.2934E-01	0.1127E-05	0.957	0.027	0.016
	83.299	129.8	0.2976E-01	0.1143E-05	0.957	0.027	0.016
	83.199	129.9	0.3019E-01	0.1159E-05	0.957	0.027	0.016
	83.099	129.9	0.3062E-01	0.1174E-05	0.957	0.027	0.016
	82.999	130.0	0.3106E-01	0.1191E-05	0.957	0.027	0.016
	82.899	130.1	0.3151E-01	0.1207E-05	0.957	0.027	0.016
	82.799	130.2	0.3196E-01	0.1224E-05	0.957	0.027	0.016
	82.699	130.3	0.3242E-01	0.1240E-05	0.957	0.027	0.016
	82.599	130.3	0.3287E-01	0.1257E-05	0.957	0.027	0.016
	82.499	130.4	0.3333E-01	0.1274E-05	0.957	0.027	0.016
	82.399	130.5	0.3379E-01	0.1290E-05	0.957	0.027	0.016
	82.299	130.6	0.3426E-01	0.1307E-05	0.957	0.027	0.016
	82.199	130.7	0.3474E-01	0.1325E-05	0.957	0.027	0.016
	82.099	130.8	0.3522E-01	0.1342E-05	0.957	0.027	0.016
	81.999	130.9	0.3571E-01	0.1360E-05	0.957	0.027	0.016
	81.899	131.0	0.3621E-01	0.1378E-05	0.957	0.027	0.016
	81.799	131.1	0.3671E-01	0.1396E-05	0.957	0.027	0.016
	81.699	131.1	0.3722E-01	0.1415E-05	0.957	0.027	0.016
	81.599	131.2	0.3774E-01	0.1433E-05	0.957	0.027	0.016
	81.499	131.3	0.3826E-01	0.1452E-05	0.957	0.027	0.016
	81.399	131.4	0.3880E-01	0.1472E-05	0.957	0.027	0.016
	81.299	131.5	0.3934E-01	0.1491E-05	0.957	0.027	0.016
	81.199	131.6	0.3988E-01	0.1511E-05	0.957	0.027	0.016
	81.099	131.7	0.4044E-01	0.1531E-05	0.957	0.027	0.016
	80.999	131.8	0.4100E-01	0.1551E-05	0.957	0.027	0.016
	80.899	131.9	0.4157E-01	0.1572E-05	0.957	0.027	0.016
	80.799	131.9	0.4215E-01	0.1592E-05	0.957	0.027	0.016
	80.699	132.0	0.4273E-01	0.1614E-05	0.957	0.027	0.016
	80.599	132.1	0.4333E-01	0.1635E-05	0.957	0.027	0.016
	80.499	132.2	0.4393E-01	0.1657E-05	0.957	0.027	0.016
	80.399	132.3	0.4454E-01	0.1678E-05	0.957	0.027	0.016
	80.299	132.4	0.4516E-01	0.1701E-05	0.957	0.027	0.016
	80.199	132.5	0.4579E-01	0.1723E-05	0.957	0.027	0.016
	80.099	132.6	0.4643E-01	0.1746E-05	0.957	0.027	0.016
	79.999	132.7	0.4707E-01	0.1769E-05	0.957	0.027	0.016
	79.899	132.7	0.4773E-01	0.1793E-05	0.957	0.027	0.016
	79.799	132.8	0.4839E-01	0.1816E-05	0.957	0.027	0.016
	79.699	132.9	0.4906E-01	0.1840E-05	0.957	0.027	0.016
	79.599	133.0	0.4975E-01	0.1865E-05	0.957	0.027	0.016
	79.499	133.1	0.5044E-01	0.1889E-05	0.957	0.027	0.016
	79.399	133.2	0.5114E-01	0.1914E-05	0.957	0.027	0.016
	79.299	133.3	0.5185E-01	0.1940E-05	0.957	0.027	0.016
	79.199	133.4	0.5257E-01	0.1966E-05	0.957	0.027	0.016
	79.099	133.5	0.5330E-01	0.1992E-05	0.957	0.027	0.016
	78.999	133.5	0.5404E-01	0.2018E-05	0.957	0.027	0.016
	78.899	133.6	0.5480E-01	0.2045E-05	0.957	0.027	0.016
	78.799	133.7	0.5556E-01	0.2072E-05	0.957	0.027	0.016
	78.699	133.8	0.5633E-01	0.2099E-05	0.957	0.027	0.016
	78.599	133.9	0.5711E-01	0.2127E-05	0.957	0.027	0.016
	78.499	134.0	0.5791E-01	0.2155E-05	0.957	0.027	0.016
	78.399	134.1	0.5871E-01	0.2184E-05	0.957	0.027	0.016
	78.299	134.2	0.5953E-01	0.2213E-05	0.957	0.027	0.016
	78.199	134.3	0.6036E-01	0.2242E-05	0.957	0.027	0.016
	78.099	134.3	0.6120E-01	0.2272E-05	0.957	0.027	0.016
	77.999	134.4	0.6205E-01	0.2302E-05	0.957	0.027	0.016
	77.899	134.5	0.6291E-01	0.2332E-05	0.957	0.027	0.016
	77.799	134.6	0.6379E-01	0.2363E-05	0.957	0.027	0.016
	77.699	134.8	0.6466E-01	0.2394E-05	0.957	0.027	0.016
	77.599	135.1	0.6549E-01	0.2424E-05	0.957	0.027	0.016
	77.499	135.5	0.6633E-01	0.2454E-05	0.957	0.027	0.016
	77.399	135.8	0.6718E-01	0.2484E-05	0.957	0.027	0.016
	77.299	136.2	0.6804E-01	0.2515E-05	0.957	0.027	0.016
	77.199	136.5	0.6892E-01	0.2546E-05	0.957	0.027	0.016
	77.099	136.9	0.6980E-01	0.2577E-05	0.957	0.027	0.016
	76.999	137.2	0.7070E-01	0.2609E-05	0.957	0.027	0.016
	76.899	137.6	0.7161E-01	0.2642E-05	0.957	0.027	0.016
	76.799	137.9	0.7253E-01	0.2675E-05	0.957	0.027	0.016
	76.699	138.3	0.7346E-01	0.2708E-05	0.957	0.027	0.016
	76.599	138.6	0.7440E-01	0.2742E-05	0.957	0.027	0.016
	76.499	139.0	0.7536E-01	0.2776E-05	0.957	0.027	0.016
	76.399	139.3	0.7632E-01	0.2810E-05	0.957	0.027	0.016
	76.299	139.7	0.7730E-01	0.2846E-05	0.957	0.027	0.016
	76.199	140.0	0.7830E-01	0.2881E-05	0.957	0.027	0.016
	76.099	140.4	0.7930E-01	0.2917E-05	0.957	0.027	0.016
	75.999	140.7	0.8032E-01	0.2954E-05	0.957	0.027	0.016
	75.899	141.1	0.8135E-01	0.2991E-05	0.957	0.027	0.016
	75.799	141.5	0.8240E-01	0.3028E-05	0.957	0.027	0.016
	75.699	141.8	0.8345E-01	0.3066E-05	0.957	0.027	0.016
	75.599	142.2	0.8453E-01	0.3105E-05	0.957	0.027	0.016
	75.499	142.5	0.8561E-01	0.3144E-05	0.957	0.027	0.016
	75.399	142.9	0.8671E-01	0.3184E-05	0.957	0.027	0.016
	75.299	143.2	0.8782E-01	0.3224E-05	0.957	0.027	0.016
	75.199	143.6	0.8895E-01	0.3264E-05	0.957	0.027	0.016
	75.099	143.9	0.9009E-01	0.3306E-05	0.957	0.027	0.016
	74.999	144.3	0.9125E-01	0.3347E-05	0.957	0.027	0.016
	74.899	144.3	0.9249E-01	0.3392E-05	0.957	0.027	0.016
	74.799	144.4	0.9375E-01	0.3437E-05	0.957	0.027	0.016
	74.699	144.4	0.9503E-01	0.3482E-05	0.957	0.027	0.016
	74.599	144.5	0.9633E-01	0.3529E-05	0.957	0.027	0.016
	74.499	144.5	0.9764E-01	0.3575E-05	0.957	0.027	0.016
	74.399	144.6	0.9897E-01	0.3623E-05	0.957	0.027	0.016
	74.299	144.7	0.1003	0.3671E-05	0.957	0.027	0.016
	74.199	144.7	0.1017	0.3720E-05	0.957	0.027	0.016
	74.099	144.8	0.1031	0.3769E-05	0.957	0.027	0.016
	73.999	144.8	0.1045	0.3819E-05	0.957	0.027	0.016
	73.899	144.9	0.1059	0.3870E-05	0.957	0.027	0.016
	73.799	144.9	0.1073	0.3921E-05	0.957	0.027	0.016
	73.699	145.0	0.1088	0.3973E-05	0.957	0.027	0.016
	73.599	145.0	0.1103	0.4026E-05	0.957	0.027	0.016
	73.499	145.1	0.1118	0.4079E-05	0.957	0.027	0.016
	73.399	145.1	0.1133	0.4133E-05	0.957	0.027	0.016
	73.299	145.2	0.1149	0.4188E-05	0.957	0.027	0.016
	73.199	145.3	0.1164	0.4243E-05	0.957	0.027	0.016
	73.099	145.3	0.1180	0.4300E-05	0.957	0.027	0.016
	72.999	145.4	0.1196	0.4357E-05	0.957	0.027	0.016
	72.899	145.4	0.1212	0.4415E-05	0.957	0.027	0.016
	72.799	145.5	0.1229	0.4473E-05	0.957	0.027	0.016
	72.699	145.5	0.1246	0.4533E-05	0.957	0.027	0.016
	72.599	145.6	0.1263	0.4593E-05	0.957	0.027	0.016
	72.499	145.6	0.1280	0.4654E-05	0.957	0.027	0.016
	72.399	145.7	0.1297	0.4715E-05	0.957	0.027	0.016
	72.299	145.8	0.1315	0.4778E-05	0.957	0.027	0.016
	72.199	145.8	0.1333	0.4841E-05	0.957	0.027	0.016
	72.099	145.9	0.1351	0.4906E-05	0.957	0.027	0.016
	71.999	145.9	0.1370	0.4971E-05	0.957	0.027	0.016
	71.899	146.0	0.1388	0.5037E-05	0.957	0.027	0.016
	71.799	146.0	0.1407	0.5103E-05	0.957	0.027	0.016
	71.699	146.1	0.1426	0.5171E-05	0.957	0.027	0.016
	71.599	146.1	0.1446	0.5240E-05	0.957	0.027	0.016
	71.499	146.2	0.1465	0.5309E-05	0.957	0.027	0.016
	71.399	146.2	0.1485	0.5380E-05	0.957	0.027	0.016
	71.299	146.3	0.1506	0.5451E-05	0.957	0.027	0.016
	71.199	146.4	0.1526	0.5523E-05	0.957	0.027	0.016
	71.099	146.4	0.1547	0.5597E-05	0.957	0.027	0.016
	70.999	146.5	0.1568	0.5671E-05	0.957	0.027	0.016
	70.899	146.5	0.1589	0.5746E-05	0.957	0.027	0.016
	70.799	146.6	0.1611	0.5823E-05	0.957	0.027	0.016
	70.700	146.6	0.1633	0.5900E-05	0.957	0.027	0.016
	70.600	146.7	0.1655	0.5978E-05	0.957	0.027	0.016
	70.500	146.7	0.1678	0.6057E-05	0.957	0.027	0.016
	70.400	146.8	0.1701	0.6138E-05	0.957	0.027	0.016
	70.300	146.8	0.1724	0.6219E-05	0.957	0.027	0.016
	70.200	146.9	0.1747	0.6302E-05	0.957	0.027	0.016
	70.100	147.0	0.1771	0.6385E-05	0.957	0.027	0.016
	70.000	147.0	0.1795	0.6470E-05	0.957	0.027	0.016
	69.900	147.0	0.1820	0.6557E-05	0.957	0.027	0.016
	69.800	147.0	0.1844	0.6645E-05	0.957	0.027	0.016
	69.700	147.0	0.1869	0.6734E-05	0.957	0.027	0.016
	69.600	147.1	0.1894	0.6825E-05	0.957	0.027	0.016
	69.500	147.1	0.1920	0.6916E-05	0.957	0.027	0.016
	69.400	147.1	0.1946	0.7009E-05	0.957	0.027	0.016
	69.300	147.1	0.1972	0.7103E-05	0.957	0.027	0.016
	69.200	147.1	0.1999	0.7199E-05	0.957	0.027	0.016
	69.100	147.1	0.2026	0.7296E-05	0.957	0.027	0.016
	69.000	147.1	0.2053	0.7394E-05	0.957	0.027	0.016
	68.900	147.1	0.2081	0.7493E-05	0.957	0.027	0.016
	68.800	147.1	0.2109	0.7593E-05	0.957	0.027	0.016
	68.700	147.1	0.2137	0.7695E-05	0.957	0.027	0.016
	68.600	147.2	0.2166	0.7799E-05	0.957	0.027	0.016
	68.500	147.2	0.2195	0.7904E-05	0.957	0.027	0.016
	68.400	147.2	0.2225	0.8010E-05	0.957	0.027	0.016
	68.300	147.2	0.2255	0.8117E-05	0.957	0.027	0.016
	68.200	147.2	0.2286	0.8226E-05	0.957	0.027	0.016
	68.100	147.2	0.2316	0.8337E-05	0.957	0.027	0.016
	68.000	147.2	0.2348	0.8449E-05	0.957	0.027	0.016
	67.900	147.2	0.2379	0.8562E-05	0.957	0.027	0.016
	67.800	147.2	0.2412	0.8677E-05	0.957	0.027	0.016
	67.700	147.3	0.2444	0.8794E-05	0.957	0.027	0.016
	67.600	147.3	0.2477	0.8912E-05	0.957	0.027	0.016
	67.500	147.3	0.2510	0.9031E-05	0.957	0.027	0.016
	67.400	147.3	0.2544	0.9153E-05	0.957	0.027	0.016
	67.300	147.3	0.2579	0.9276E-05	0.957	0.027	0.016
	67.200	147.3	0.2614	0.9400E-05	0.957	0.027	0.016
	67.100	147.3	0.2649	0.9526E-05	0.957	0.027	0.016
	67.000	147.3	0.2685	0.9654E-05	0.957	0.027	0.016
	66.900	147.3	0.2721	0.9784E-05	0.957	0.027	0.016
	66.800	147.4	0.2758	0.9915E-05	0.957	0.027	0.016
	66.700	147.4	0.2795	0.1005E-04	0.957	0.027	0.016
	66.600	147.4	0.2833	0.1018E-04	0.957	0.027	0.016
	66.500	147.4	0.2871	0.1032E-04	0.957	0.027	0.016
	66.400	147.4	0.2910	0.1046E-04	0.957	0.027	0.016
	66.300	147.4	0.2949	0.1060E-04	0.957	0.027	0.016
	66.200	147.4	0.2989	0.1074E-04	0.957	0.027	0.016
	66.100	147.4	0.3029	0.1089E-04	0.957	0.027	0.016
	66.000	147.4	0.3070	0.1103E-04	0.957	0.027	0.016
	65.900	147.5	0.3111	0.1118E-04	0.957	0.027	0.016
	65.800	147.5	0.3153	0.1133E-04	0.957	0.027	0.016
	65.700	147.5	0.3196	0.1148E-04	0.957	0.027	0.016
	65.600	147.5	0.3239	0.1164E-04	0.957	0.027	0.016
	65.500	147.5	0.3283	0.1179E-04	0.957	0.027	0.016
	65.400	147.5	0.3327	0.1195E-04	0.957	0.027	0.016
	65.300	147.5	0.3372	0.1211E-04	0.957	0.027	0.016
	65.200	147.5	0.3418	0.1227E-04	0.957	0.027	0.016
	65.100	147.5	0.3464	0.1244E-04	0.957	0.027	0.016
	65.000	147.6	0.3510	0.1261E-04	0.957	0.027	0.016
	64.900	147.6	0.3558	0.1277E-04	0.957	0.027	0.016
	64.800	147.6	0.3605	0.1295E-04	0.957	0.027	0.016
	64.700	147.6	0.3654	0.1312E-04	0.957	0.027	0.016
	64.600	147.6	0.3703	0.1329E-04	0.957	0.027	0.016
	64.500	147.6	0.3753	0.1347E-04	0.957	0.027	0.016
	64.400	147.6	0.3803	0.1365E-04	0.957	0.027	0.016
	64.300	147.6	0.3854	0.1383E-04	0.957	0.027	0.016
	64.200	147.7	0.3906	0.1402E-04	0.957	0.027	0.016
	64.100	147.7	0.3959	0.1421E-04	0.957	0.027	0.016
	64.000	147.7	0.4012	0.1440E-04	0.957	0.027	0.016
	63.900	147.7	0.4066	0.1459E-04	0.957	0.027	0.016
	63.800	147.7	0.4121	0.1478E-04	0.957	0.027	0.016
	63.700	147.7	0.4176	0.1498E-04	0.957	0.027	0.016
	63.600	147.7	0.4232	0.1518E-04	0.957	0.027	0.016
	63.500	147.7	0.4289	0.1538E-04	0.957	0.027	0.016
	63.400	147.8	0.4347	0.1559E-04	0.957	0.027	0.016
	63.300	147.8	0.4405	0.1580E-04	0.957	0.027	0.016
	63.200	147.8	0.4464	0.1601E-04	0.957	0.027	0.016
	63.100	147.8	0.4524	0.1622E-04	0.957	0.027	0.016
	63.000	147.8	0.4585	0.1644E-04	0.957	0.027	0.016
	62.900	147.8	0.4647	0.1666E-04	0.957	0.027	0.016
	62.800	147.8	0.4709	0.1688E-04	0.957	0.027	0.016
	62.700	147.8	0.4772	0.1711E-04	0.957	0.027	0.016
	62.600	147.9	0.4837	0.1733E-04	0.957	0.027	0.016
	62.500	147.9	0.4902	0.1757E-04	0.957	0.027	0.016
	62.400	147.9	0.4968	0.1780E-04	0.957	0.027	0.016
	62.300	147.9	0.5034	0.1804E-04	0.957	0.027	0.016
	62.200	147.9	0.5102	0.1828E-04	0.957	0.027	0.016
	62.100	147.9	0.5171	0.1852E-04	0.957	0.027	0.016
	62.000	147.9	0.5240	0.1877E-04	0.957	0.027	0.016
	61.900	147.9	0.5311	0.1902E-04	0.957	0.027	0.016
	61.800	148.0	0.5382	0.1927E-04	0.957	0.027	0.016
	61.700	148.0	0.5454	0.1953E-04	0.957	0.027	0.016
	61.600	148.0	0.5528	0.1979E-04	0.957	0.027	0.016
	61.500	148.0	0.5602	0.2006E-04	0.957	0.027	0.016
	61.400	148.0	0.5677	0.2033E-04	0.957	0.027	0.016
	61.300	148.0	0.5754	0.2060E-04	0.957	0.027	0.016
	61.200	148.0	0.5831	0.2087E-04	0.957	0.027	0.016
	61.100	148.1	0.5909	0.2115E-04	0.957	0.027	0.016
	61.000	148.1	0.5989	0.2143E-04	0.957	0.027	0.016
	60.900	148.1	0.6069	0.2172E-04	0.957	0.027	0.016
	60.800	148.1	0.6151	0.2201E-04	0.957	0.027	0.016
	60.700	148.1	0.6233	0.2230E-04	0.957	0.027	0.016
	60.600	148.1	0.6317	0.2260E-04	0.957	0.027	0.016
	60.500	148.1	0.6402	0.2290E-04	0.957	0.027	0.016
	60.400	148.1	0.6488	0.2321E-04	0.957	0.027	0.016
	60.300	148.2	0.6575	0.2352E-04	0.957	0.027	0.016
	60.200	148.2	0.6664	0.2383E-04	0.957	0.027	0.016
	60.100	148.2	0.6753	0.2415E-04	0.957	0.027	0.016
	60.000	148.2	0.6844	0.2447E-04	0.957	0.027	0.016
	59.900	148.2	0.6936	0.2480E-04	0.957	0.027	0.016
	59.800	148.2	0.7028	0.2512E-04	0.957	0.027	0.016
	59.700	148.3	0.7122	0.2546E-04	0.957	0.027	0.016
	59.600	148.3	0.7217	0.2579E-04	0.957	0.027	0.016
	59.500	148.3	0.7314	0.2613E-04	0.957	0.027	0.016
	59.400	148.3	0.7411	0.2648E-04	0.957	0.027	0.016
	59.300	148.3	0.7510	0.2683E-04	0.957	0.027	0.016
	59.200	148.4	0.7611	0.2718E-04	0.957	0.027	0.016
	59.100	148.4	0.7712	0.2754E-04	0.957	0.027	0.016
	59.000	148.4	0.7815	0.2790E-04	0.957	0.027	0.016
	58.900	148.4	0.7920	0.2827E-04	0.957	0.027	0.016
	58.800	148.4	0.8025	0.2864E-04	0.957	0.027	0.016
	58.700	148.5	0.8133	0.2902E-04	0.957	0.027	0.016
	58.600	148.5	0.8241	0.2941E-04	0.957	0.027	0.016
	58.500	148.5	0.8351	0.2979E-04	0.957	0.027	0.016
	58.400	148.5	0.8463	0.3019E-04	0.957	0.027	0.016
	58.300	148.6	0.8576	0.3059E-04	0.957	0.027	0.016
	58.200	148.6	0.8690	0.3099E-04	0.957	0.027	0.016
	58.100	148.6	0.8806	0.3140E-04	0.957	0.027	0.016
	58.000	148.6	0.8924	0.3181E-04	0.957	0.027	0.016
	57.900	148.6	0.9043	0.3223E-04	0.957	0.027	0.016
	57.800	148.7	0.9164	0.3266E-04	0.957	0.027	0.016
	57.700	148.7	0.9286	0.3309E-04	0.957	0.027	0.016
	57.600	148.7	0.9410	0.3353E-04	0.957	0.027	0.016
	57.500	148.7	0.9536	0.3397E-04	0.957	0.027	0.016
	57.400	148.7	0.9663	0.3442E-04	0.957	0.027	0.016
	57.300	148.8	0.9792	0.3487E-04	0.957	0.027	0.016
	57.200	148.8	0.9923	0.3533E-04	0.957	0.027	0.016
	57.100	148.8	1.006	0.3580E-04	0.957	0.027	0.016
	57.000	148.8	1.019	0.3627E-04	0.957	0.027	0.016
	56.900	148.9	1.033	0.3675E-04	0.957	0.027	0.016
	56.800	148.9	1.046	0.3723E-04	0.957	0.027	0.016
	56.700	148.9	1.060	0.3773E-04	0.957	0.027	0.016
	56.600	148.9	1.075	0.3822E-04	0.957	0.027	0.016
	56.500	148.9	1.089	0.3873E-04	0.957	0.027	0.016
	56.400	149.0	1.103	0.3924E-04	0.957	0.027	0.016
	56.300	149.0	1.118	0.3976E-04	0.957	0.027	0.016
	56.200	149.0	1.133	0.4028E-04	0.957	0.027	0.016
	56.100	149.0	1.148	0.4081E-04	0.957	0.027	0.016
	56.000	149.0	1.164	0.4135E-04	0.957	0.027	0.016
	55.900	149.1	1.179	0.4190E-04	0.957	0.027	0.016
	55.800	149.1	1.195	0.4245E-04	0.957	0.027	0.016
	55.700	149.1	1.211	0.4301E-04	0.957	0.027	0.016
	55.600	149.1	1.227	0.4358E-04	0.957	0.027	0.016
	55.500	149.2	1.243	0.4415E-04	0.957	0.027	0.016
	55.400	149.2	1.260	0.4474E-04	0.957	0.027	0.016
	55.300	149.2	1.277	0.4533E-04	0.957	0.027	0.016
	55.200	149.2	1.294	0.4593E-04	0.957	0.027	0.016
	55.100	149.2	1.311	0.4653E-04	0.957	0.027	0.016
	55.000	149.3	1.329	0.4715E-04	0.957	0.027	0.016
	54.900	149.3	1.346	0.4777E-04	0.957	0.027	0.016
	54.800	149.3	1.364	0.4839E-04	0.957	0.027	0.016
	54.700	149.3	1.382	0.4903E-04	0.957	0.027	0.016
	54.600	149.3	1.401	0.4967E-04	0.957	0.027	0.016
	54.500	149.3	1.419	0.5032E-04	0.957	0.027	0.016
	54.400	149.4	1.438	0.5098E-04	0.957	0.027	0.016
	54.300	149.4	1.457	0.5165E-04	0.957	0.027	0.016
	54.200	149.4	1.476	0.5233E-04	0.957	0.027	0.016
	54.100	149.4	1.496	0.5302E-04	0.957	0.027	0.016
	54.000	149.4	1.516	0.5372E-04	0.957	0.027	0.016
	53.900	149.5	1.536	0.5442E-04	0.957	0.027	0.016
	53.800	149.5	1.556	0.5514E-04	0.957	0.027	0.016
	53.700	149.5	1.577	0.5586E-04	0.957	0.027	0.016
	53.600	149.5	1.598	0.5659E-04	0.957	0.027	0.016
	53.500	149.5	1.619	0.5734E-04	0.957	0.027	0.016
	53.400	149.5	1.640	0.5809E-04	0.957	0.027	0.016
	53.300	149.6	1.662	0.5885E-04	0.957	0.027	0.016
	53.200	149.6	1.684	0.5962E-04	0.957	0.027	0.016
	53.100	149.6	1.706	0.6041E-04	0.957	0.027	0.016
	53.000	149.6	1.729	0.6120E-04	0.957	0.027	0.016
	52.900	149.6	1.752	0.6200E-04	0.957	0.027	0.016
	52.800	149.7	1.775	0.6282E-04	0.957	0.027	0.016
	52.700	149.7	1.799	0.6364E-04	0.957	0.027	0.016
	52.600	149.7	1.823	0.6448E-04	0.957	0.027	0.016
	52.500	149.7	1.847	0.6533E-04	0.957	0.027	0.016
	52.400	149.7	1.871	0.6618E-04	0.957	0.027	0.016
	52.300	149.8	1.896	0.6705E-04	0.957	0.027	0.016
	52.200	149.8	1.921	0.6793E-04	0.957	0.027	0.016
	52.100	149.8	1.947	0.6883E-04	0.957	0.027	0.016
	52.000	149.8	1.972	0.6973E-04	0.957	0.027	0.016
	51.900	149.8	1.999	0.7064E-04	0.957	0.027	0.016
	51.800	149.8	2.025	0.7157E-04	0.957	0.027	0.016
	51.700	149.9	2.052	0.7251E-04	0.957	0.027	0.016
	51.600	149.9	2.079	0.7346E-04	0.957	0.027	0.016
	51.500	149.9	2.107	0.7443E-04	0.957	0.027	0.016
	51.400	149.9	2.135	0.7541E-04	0.957	0.027	0.016
	51.300	149.9	2.163	0.7640E-04	0.957	0.027	0.016
	51.200	150.0	2.192	0.7740E-04	0.957	0.027	0.016
	51.100	150.0	2.221	0.7842E-04	0.957	0.027	0.016
	51.000	150.0	2.250	0.7945E-04	0.957	0.027	0.016
	50.900	150.0	2.280	0.8049E-04	0.957	0.027	0.016
	50.800	150.0	2.310	0.8155E-04	0.957	0.027	0.016
	50.700	150.0	2.341	0.8262E-04	0.957	0.027	0.016
	50.600	150.1	2.372	0.8370E-04	0.957	0.027	0.016
	50.500	150.1	2.403	0.8480E-04	0.957	0.027	0.016
	50.400	150.1	2.435	0.8591E-04	0.957	0.027	0.016
	50.300	150.1	2.467	0.8704E-04	0.957	0.027	0.016
	50.200	150.1	2.500	0.8818E-04	0.957	0.027	0.016
	50.100	150.2	2.533	0.8934E-04	0.957	0.027	0.016
	50.000	150.2	2.567	0.9052E-04	0.957	0.027	0.016
	49.900	150.2	2.600	0.9165E-04	0.957	0.027	0.016
	49.800	150.3	2.634	0.9279E-04	0.957	0.027	0.016
	49.700	150.4	2.668	0.9395E-04	0.957	0.027	0.016
	49.600	150.5	2.703	0.9513E-04	0.957	0.027	0.016
	49.500	150.6	2.739	0.9632E-04	0.957	0.027	0.016
	49.400	150.6	2.774	0.9753E-04	0.957	0.027	0.016
	49.300	150.7	2.810	0.9875E-04	0.957	0.027	0.016
	49.200	150.8	2.847	0.9998E-04	0.957	0.027	0.016
	49.100	150.9	2.884	0.1012E-03	0.957	0.027	0.016
	49.000	151.0	2.922	0.1025E-03	0.957	0.027	0.016
	48.900	151.0	2.960	0.1038E-03	0.957	0.027	0.016
	48.800	151.1	2.998	0.1051E-03	0.957	0.027	0.016
	48.700	151.2	3.038	0.1064E-03	0.957	0.027	0.016
	48.600	151.3	3.077	0.1077E-03	0.957	0.027	0.016
	48.500	151.3	3.117	0.1091E-03	0.957	0.027	0.016
	48.400	151.4	3.158	0.1104E-03	0.957	0.027	0.016
	48.300	151.5	3.199	0.1118E-03	0.957	0.027	0.016
	48.200	151.6	3.241	0.1132E-03	0.957	0.027	0.016
	48.100	151.7	3.283	0.1146E-03	0.957	0.027	0.016
	48.000	151.7	3.326	0.1161E-03	0.957	0.027	0.016
	47.900	151.8	3.369	0.1175E-03	0.957	0.027	0.016
	47.800	151.9	3.413	0.1190E-03	0.957	0.027	0.016
	47.700	152.0	3.458	0.1205E-03	0.957	0.027	0.016
	47.600	152.0	3.503	0.1220E-03	0.957	0.027	0.016
	47.500	152.1	3.548	0.1235E-03	0.957	0.027	0.016
	47.400	152.2	3.595	0.1251E-03	0.957	0.027	0.016
	47.300	152.3	3.642	0.1266E-03	0.957	0.027	0.016
	47.200	152.4	3.689	0.1282E-03	0.957	0.027	0.016
	47.100	152.4	3.737	0.1298E-03	0.957	0.027	0.016
	47.000	152.5	3.786	0.1314E-03	0.957	0.027	0.016
	46.900	152.6	3.835	0.1331E-03	0.957	0.027	0.016
	46.800	152.7	3.885	0.1348E-03	0.957	0.027	0.016
	46.700	152.8	3.936	0.1364E-03	0.957	0.027	0.016
	46.600	152.8	3.987	0.1382E-03	0.957	0.027	0.016
	46.500	152.9	4.039	0.1399E-03	0.957	0.027	0.016
	46.400	153.0	4.092	0.1416E-03	0.957	0.027	0.016
	46.300	153.1	4.145	0.1434E-03	0.957	0.027	0.016
	46.200	153.1	4.199	0.1452E-03	0.957	0.027	0.016
	46.100	153.2	4.254	0.1470E-03	0.957	0.027	0.016
	46.000	153.3	4.309	0.1489E-03	0.957	0.027	0.016
	45.900	153.4	4.366	0.1507E-03	0.957	0.027	0.016
	45.800	153.5	4.423	0.1526E-03	0.957	0.027	0.016
	45.700	153.5	4.480	0.1545E-03	0.957	0.027	0.016
	45.600	153.6	4.539	0.1565E-03	0.957	0.027	0.016
	45.500	153.7	4.598	0.1584E-03	0.957	0.027	0.016
	45.400	153.8	4.658	0.1604E-03	0.957	0.027	0.016
	45.300	153.8	4.718	0.1624E-03	0.957	0.027	0.016
	45.200	153.9	4.780	0.1644E-03	0.957	0.027	0.016
	45.100	154.0	4.842	0.1665E-03	0.957	0.027	0.016
	45.000	154.1	4.905	0.1686E-03	0.957	0.027	0.016
	44.900	154.1	4.968	0.1707E-03	0.957	0.027	0.016
	44.800	154.2	5.032	0.1728E-03	0.957	0.027	0.016
	44.700	154.2	5.096	0.1750E-03	0.957	0.027	0.016
	44.600	154.2	5.161	0.1772E-03	0.957	0.027	0.016
	44.500	154.3	5.227	0.1794E-03	0.957	0.027	0.016
	44.400	154.3	5.294	0.1816E-03	0.957	0.027	0.016
	44.300	154.4	5.361	0.1839E-03	0.957	0.027	0.016
	44.200	154.4	5.430	0.1862E-03	0.957	0.027	0.016
	44.100	154.4	5.499	0.1885E-03	0.957	0.027	0.016
	44.000	154.5	5.569	0.1909E-03	0.957	0.027	0.016
	43.900	154.5	5.640	0.1933E-03	0.957	0.027	0.016
	43.800	154.5	5.712	0.1957E-03	0.957	0.027	0.016
	43.700	154.6	5.785	0.1982E-03	0.957	0.027	0.016
	43.600	154.6	5.859	0.2006E-03	0.957	0.027	0.016
	43.500	154.7	5.934	0.2031E-03	0.957	0.027	0.016
	43.400	154.7	6.010	0.2057E-03	0.957	0.027	0.016
	43.300	154.7	6.087	0.2083E-03	0.957	0.027	0.016
	43.200	154.8	6.164	0.2109E-03	0.957	0.027	0.016
	43.100	154.8	6.243	0.2135E-03	0.957	0.027	0.016
	43.000	154.9	6.323	0.2162E-03	0.957	0.027	0.016
	42.900	154.9	6.404	0.2189E-03	0.957	0.027	0.016
	42.800	154.9	6.485	0.2216E-03	0.957	0.027	0.016
	42.700	155.0	6.568	0.2244E-03	0.957	0.027	0.016
	42.600	155.0	6.652	0.2272E-03	0.957	0.027	0.016
	42.500	155.1	6.737	0.2300E-03	0.957	0.027	0.016
	42.400	155.1	6.823	0.2329E-03	0.957	0.027	0.016
	42.300	155.1	6.910	0.2358E-03	0.957	0.027	0.016
	42.200	155.2	6.999	0.2388E-03	0.957	0.027	0.016
	42.100	155.2	7.088	0.2418E-03	0.957	0.027	0.016
	42.000	155.2	7.179	0.2448E-03	0.957	0.027	0.016
	41.900	155.3	7.270	0.2479E-03	0.957	0.027	0.016
	41.800	155.3	7.363	0.2510E-03	0.957	0.027	0.016
	41.700	155.4	7.457	0.2541E-03	0.957	0.027	0.016
	41.600	155.4	7.552	0.2573E-03	0.957	0.027	0.016
	41.500	155.4	7.649	0.2605E-03	0.957	0.027	0.016
	41.400	155.5	7.747	0.2638E-03	0.957	0.027	0.016
	41.300	155.5	7.845	0.2671E-03	0.957	0.027	0.016
	41.200	155.6	7.946	0.2704E-03	0.957	0.027	0.016
	41.100	155.6	8.047	0.2738E-03	0.957	0.027	0.016
	41.000	155.6	8.150	0.2772E-03	0.957	0.027	0.016
	40.900	155.7	8.254	0.2807E-03	0.957	0.027	0.016
	40.800	155.7	8.359	0.2842E-03	0.957	0.027	0.016
	40.700	155.7	8.466	0.2878E-03	0.957	0.027	0.016
	40.600	155.8	8.574	0.2914E-03	0.957	0.027	0.016
	40.500	155.8	8.684	0.2950E-03	0.957	0.027	0.016
	40.400	155.9	8.795	0.2987E-03	0.957	0.027	0.016
	40.300	155.9	8.907	0.3024E-03	0.957	0.027	0.016
	40.200	155.9	9.021	0.3062E-03	0.957	0.027	0.016
	40.100	156.0	9.136	0.3100E-03	0.957	0.027	0.016
	40.000	156.0	9.253	0.3139E-03	0.957	0.027	0.016
	39.900	156.1	9.370	0.3178E-03	0.957	0.027	0.016
	39.800	156.1	9.488	0.3218E-03	0.957	0.027	0.016
	39.700	156.1	9.608	0.3258E-03	0.957	0.027	0.016
	39.600	156.1	9.730	0.3298E-03	0.957	0.027	0.016
	39.500	156.2	9.853	0.3339E-03	0.957	0.027	0.016
	39.400	156.2	9.978	0.3381E-03	0.957	0.027	0.016
	39.300	156.2	10.10	0.3423E-03	0.957	0.027	0.016
	39.200	156.3	10.23	0.3466E-03	0.957	0.027	0.016
	39.100	156.3	10.36	0.3509E-03	0.957	0.027	0.016
	39.000	156.3	10.49	0.3552E-03	0.957	0.027	0.016
	38.900	156.4	10.62	0.3597E-03	0.957	0.027	0.016
	38.800	156.4	10.76	0.3641E-03	0.957	0.027	0.016
	38.700	156.4	10.90	0.3687E-03	0.957	0.027	0.016
	38.600	156.5	11.03	0.3732E-03	0.957	0.027	0.016
	38.500	156.5	11.17	0.3779E-03	0.957	0.027	0.016
	38.400	156.5	11.31	0.3826E-03	0.957	0.027	0.016
	38.300	156.6	11.46	0.3874E-03	0.957	0.027	0.016
	38.200	156.6	11.60	0.3922E-03	0.957	0.027	0.016
	38.100	156.6	11.75	0.3971E-03	0.957	0.027	0.016
	38.000	156.6	11.90	0.4020E-03	0.957	0.027	0.016
	37.900	156.7	12.05	0.4070E-03	0.957	0.027	0.016
	37.800	156.7	12.20	0.4121E-03	0.957	0.027	0.016
	37.700	156.7	12.35	0.4172E-03	0.957	0.027	0.016
	37.600	156.8	12.51	0.4224E-03	0.957	0.027	0.016
	37.500	156.8	12.67	0.4276E-03	0.957	0.027	0.016
	37.400	156.8	12.83	0.4329E-03	0.957	0.027	0.016
	37.300	156.9	12.99	0.4383E-03	0.957	0.027	0.016
	37.200	156.9	13.16	0.4438E-03	0.957	0.027	0.016
	37.100	156.9	13.32	0.4493E-03	0.957	0.027	0.016
	37.000	157.0	13.49	0.4549E-03	0.957	0.027	0.016
	36.900	157.0	13.66	0.4606E-03	0.957	0.027	0.016
	36.800	157.0	13.83	0.4663E-03	0.957	0.027	0.016
	36.700	157.0	14.01	0.4721E-03	0.957	0.027	0.016
	36.600	157.1	14.19	0.4780E-03	0.957	0.027	0.016
	36.500	157.1	14.37	0.4839E-03	0.957	0.027	0.016
	36.400	157.1	14.55	0.4899E-03	0.957	0.027	0.016
	36.300	157.2	14.73	0.4960E-03	0.957	0.027	0.016
	36.200	157.2	14.92	0.5022E-03	0.957	0.027	0.016
	36.100	157.2	15.11	0.5084E-03	0.957	0.027	0.016
	36.000	157.3	15.30	0.5148E-03	0.957	0.027	0.016
	35.900	157.3	15.49	0.5212E-03	0.957	0.027	0.016
	35.800	157.3	15.69	0.5277E-03	0.957	0.027	0.016
	35.700	157.4	15.89	0.5342E-03	0.957	0.027	0.016
	35.600	157.4	16.09	0.5409E-03	0.957	0.027	0.016
	35.500	157.4	16.29	0.5476E-03	0.957	0.027	0.016
	35.400	157.5	16.50	0.5544E-03	0.957	0.027	0.016
	35.300	157.5	16.70	0.5613E-03	0.957	0.027	0.016
	35.200	157.5	16.92	0.5683E-03	0.957	0.027	0.016
	35.100	157.5	17.13	0.5754E-03	0.957	0.027	0.016
	35.000	157.6	17.35	0.5825E-03	0.957	0.027	0.016
	34.900	157.8	17.56	0.5889E-03	0.957	0.027	0.016
	34.800	158.0	17.77	0.5954E-03	0.957	0.027	0.016
	34.700	158.1	17.99	0.6020E-03	0.957	0.027	0.016
	34.600	158.3	18.21	0.6086E-03	0.957	0.027	0.016
	34.500	158.5	18.43	0.6154E-03	0.957	0.027	0.016
	34.400	158.7	18.66	0.6221E-03	0.957	0.027	0.016
	34.300	158.9	18.89	0.6290E-03	0.957	0.027	0.016
	34.200	159.1	19.12	0.6359E-03	0.957	0.027	0.016
	34.100	159.3	19.35	0.6430E-03	0.957	0.027	0.016
	34.000	159.4	19.59	0.6501E-03	0.957	0.027	0.016
	33.900	159.6	19.83	0.6572E-03	0.957	0.027	0.016
	33.800	159.8	20.07	0.6645E-03	0.957	0.027	0.016
	33.700	160.0	20.32	0.6718E-03	0.957	0.027	0.016
	33.600	160.2	20.56	0.6792E-03	0.957	0.027	0.016
	33.500	160.4	20.81	0.6867E-03	0.957	0.027	0.016
	33.400	160.6	21.07	0.6943E-03	0.957	0.027	0.016
	33.300	160.8	21.33	0.7020E-03	0.957	0.027	0.016
	33.200	160.9	21.59	0.7097E-03	0.957	0.027	0.016
	33.100	161.1	21.85	0.7176E-03	0.957	0.027	0.016
	33.000	161.3	22.12	0.7255E-03	0.957	0.027	0.016
	32.900	161.5	22.39	0.7335E-03	0.957	0.027	0.016
	32.800	161.7	22.66	0.7416E-03	0.957	0.027	0.016
	32.700	161.9	22.94	0.7498E-03	0.957	0.027	0.016
	32.600	162.1	23.22	0.7581E-03	0.957	0.027	0.016
	32.500	162.3	23.50	0.7665E-03	0.957	0.027	0.016
	32.400	162.4	23.79	0.7750E-03	0.957	0.027	0.016
	32.300	162.6	24.08	0.7835E-03	0.957	0.027	0.016
	32.200	162.8	24.38	0.7922E-03	0.957	0.027	0.016
	32.100	163.0	24.67	0.8010E-03	0.957	0.027	0.016
	32.000	163.2	24.98	0.8098E-03	0.957	0.027	0.016
	31.900	163.4	25.28	0.8188E-03	0.957	0.027	0.016
	31.800	163.6	25.59	0.8278E-03	0.957	0.027	0.016
	31.700	163.8	25.90	0.8370E-03	0.957	0.027	0.016
	31.600	163.9	26.22	0.8463E-03	0.957	0.027	0.016
	31.500	164.1	26.54	0.8556E-03	0.957	0.027	0.016
	31.400	164.3	26.87	0.8651E-03	0.957	0.027	0.016
	31.300	164.5	27.19	0.8747E-03	0.957	0.027	0.016
	31.200	164.7	27.53	0.8844E-03	0.957	0.027	0.016
	31.100	164.9	27.86	0.8942E-03	0.957	0.027	0.016
	31.000	165.1	28.20	0.9041E-03	0.957	0.027	0.016
	30.900	165.2	28.55	0.9141E-03	0.957	0.027	0.016
	30.800	165.4	28.90	0.9242E-03	0.957	0.027	0.016
	30.700	165.6	29.25	0.9345E-03	0.957	0.027	0.016
	30.600	165.8	29.61	0.9448E-03	0.957	0.027	0.016
	30.500	166.0	29.97	0.9553E-03	0.957	0.027	0.016
	30.400	166.2	30.34	0.9659E-03	0.957	0.027	0.016
	30.300	166.4	30.71	0.9766E-03	0.957	0.027	0.016
	30.200	166.6	31.08	0.9874E-03	0.957	0.027	0.016
	30.100	166.7	31.46	0.9983E-03	0.957	0.027	0.016
	30.000	166.9	31.85	0.1009E-02	0.957	0.027	0.016
	29.900	167.1	32.21	0.1020E-02	0.957	0.027	0.016
	29.800	167.4	32.58	0.1030E-02	0.957	0.027	0.016
	29.700	167.6	32.96	0.1041E-02	0.957	0.027	0.016
	29.600	167.8	33.34	0.1051E-02	0.957	0.027	0.016
	29.500	168.0	33.72	0.1062E-02	0.957	0.027	0.016
	29.400	168.2	34.11	0.1073E-02	0.957	0.027	0.016
	29.300	168.5	34.50	0.1084E-02	0.957	0.027	0.016
	29.200	168.7	34.89	0.1095E-02	0.957	0.027	0.016
	29.100	168.9	35.29	0.1106E-02	0.957	0.027	0.016
	29.000	169.1	35.70	0.1117E-02	0.957	0.027	0.016
	28.900	169.3	36.11	0.1128E-02	0.957	0.027	0.016
	28.800	169.5	36.52	0.1140E-02	0.957	0.027	0.016
	28.700	169.8	36.94	0.1151E-02	0.957	0.027	0.016
	28.600	170.0	37.37	0.1163E-02	0.957	0.027	0.016
	28.500	170.2	37.80	0.1175E-02	0.957	0.027	0.016
	28.400	170.4	38.23	0.1187E-02	0.957	0.027	0.016
	28.300	170.6	38.67	0.1199E-02	0.957	0.027	0.016
	28.200	170.8	39.11	0.1211E-02	0.957	0.027	0.016
	28.100	171.1	39.56	0.1224E-02	0.957	0.027	0.016
	28.000	171.3	40.02	0.1236E-02	0.957	0.027	0.016
	27.900	171.5	40.48	0.1249E-02	0.957	0.027	0.016
	27.800	171.7	40.94	0.1261E-02	0.957	0.027	0.016
	27.700	171.9	41.41	0.1274E-02	0.957	0.027	0.016
	27.600	172.2	41.89	0.1287E-02	0.957	0.027	0.016
	27.500	172.4	42.37	0.1300E-02	0.957	0.027	0.016
	27.400	172.6	42.85	0.1314E-02	0.957	0.027	0.016
	27.300	172.8	43.34	0.1327E-02	0.957	0.027	0.016
	27.200	173.0	43.84	0.1341E-02	0.957	0.027	0.016
	27.100	173.2	44.35	0.1354E-02	0.957	0.027	0.016
	27.000	173.5	44.86	0.1368E-02	0.957	0.027	0.016
	26.900	173.7	45.37	0.1382E-02	0.957	0.027	0.016
	26.800	173.9	45.89	0.1396E-02	0.957	0.027	0.016
	26.700	174.1	46.42	0.1411E-02	0.957	0.027	0.016
	26.600	174.3	46.95	0.1425E-02	0.957	0.027	0.016
	26.500	174.5	47.49	0.1440E-02	0.957	0.027	0.016
	26.400	174.8	48.04	0.1454E-02	0.957	0.027	0.016
	26.300	175.0	48.59	0.1469E-02	0.957	0.027	0.016
	26.200	175.2	49.14	0.1484E-02	0.957	0.027	0.016
	26.100	175.4	49.71	0.1499E-02	0.957	0.027	0.016
	26.000	175.6	50.28	0.1515E-02	0.957	0.027	0.016
	25.900	175.9	50.86	0.1530E-02	0.957	0.027	0.016
	25.800	176.1	51.44	0.1546E-02	0.957	0.027	0.016
	25.700	176.3	52.03	0.1562E-02	0.957	0.027	0.016
	25.600	176.5	52.63	0.1578E-02	0.957	0.027	0.016
	25.500	176.7	53.23	0.1594E-02	0.957	0.027	0.016
	25.400	176.9	53.84	0.1610E-02	0.957	0.027	0.016
	25.300	177.2	54.46	0.1627E-02	0.957	0.027	0.016
	25.200	177.4	55.09	0.1643E-02	0.957	0.027	0.016
	25.100	177.6	55.72	0.1660E-02	0.957	0.027	0.016
	25.000	177.8	56.36	0.1677E-02	0.957	0.027	0.016
	24.900	178.0	56.97	0.1693E-02	0.957	0.027	0.016
	24.800	178.3	57.58	0.1709E-02	0.957	0.027	0.016
	24.700	178.5	58.20	0.1726E-02	0.957	0.027	0.016
	24.600	178.7	58.83	0.1742E-02	0.957	0.027	0.016
	24.500	178.9	59.47	0.1759E-02	0.957	0.027	0.016
	24.400	179.1	60.11	0.1775E-02	0.957	0.027	0.016
	24.300	179.4	60.76	0.1792E-02	0.957	0.027	0.016
	24.200	179.6	61.41	0.1809E-02	0.957	0.027	0.016
	24.100	179.8	62.07	0.1827E-02	0.957	0.027	0.016
	24.000	180.0	62.74	0.1844E-02	0.957	0.027	0.016
	23.900	180.3	63.42	0.1862E-02	0.957	0.027	0.016
	23.800	180.5	64.10	0.1879E-02	0.957	0.027	0.016
	23.700	180.7	64.80	0.1897E-02	0.957	0.027	0.016
	23.600	180.9	65.49	0.1915E-02	0.957	0.027	0.016
	23.500	181.2	66.20	0.1934E-02	0.957	0.027	0.016
	23.400	181.4	66.92	0.1952E-02	0.957	0.027	0.016
	23.300	181.6	67.64	0.1971E-02	0.957	0.027	0.016
	23.200	181.8	68.37	0.1989E-02	0.957	0.027	0.016
	23.100	182.0	69.10	0.2008E-02	0.957	0.027	0.016
	23.000	182.3	69.85	0.2028E-02	0.957	0.027	0.016
	22.900	182.5	70.60	0.2047E-02	0.957	0.027	0.016
	22.800	182.7	71.36	0.2067E-02	0.957	0.027	0.016
	22.700	182.9	72.13	0.2086E-02	0.957	0.027	0.016
	22.600	183.2	72.91	0.2106E-02	0.957	0.027	0.016
	22.500	183.4	73.70	0.2126E-02	0.957	0.027	0.016
	22.400	183.6	74.49	0.2147E-02	0.957	0.027	0.016
	22.300	183.8	75.30	0.2167E-02	0.957	0.027	0.016
	22.200	184.1	76.11	0.2188E-02	0.957	0.027	0.016
	22.100	184.3	76.93	0.2209E-02	0.957	0.027	0.016
	22.000	184.5	77.76	0.2230E-02	0.957	0.027	0.016
	21.900	184.7	78.60	0.2251E-02	0.957	0.027	0.016
	21.800	184.9	79.45	0.2273E-02	0.957	0.027	0.016
	21.700	185.2	80.30	0.2295E-02	0.957	0.027	0.016
	21.600	185.4	81.17	0.2317E-02	0.957	0.027	0.016
	21.500	185.6	82.05	0.2339E-02	0.957	0.027	0.016
	21.400	185.8	82.93	0.2361E-02	0.957	0.027	0.016
	21.300	186.1	83.83	0.2384E-02	0.957	0.027	0.016
	21.200	186.3	84.73	0.2407E-02	0.957	0.027	0.016
	21.100	186.5	85.64	0.2430E-02	0.957	0.027	0.016
	21.000	186.7	86.57	0.2453E-02	0.957	0.027	0.016
	20.900	186.9	87.50	0.2476E-02	0.957	0.027	0.016
	20.800	187.2	88.45	0.2500E-02	0.957	0.027	0.016
	20.700	187.4	89.40	0.2524E-02	0.957	0.027	0.016
	20.600	187.6	90.36	0.2548E-02	0.957	0.027	0.016
	20.500	187.8	91.34	0.2573E-02	0.957	0.027	0.016
	20.400	188.1	92.32	0.2597E-02	0.957	0.027	0.016
	20.300	188.3	93.32	0.2622E-02	0.957	0.027	0.016
	20.200	188.5	94.33	0.2648E-02	0.957	0.027	0.016
	20.100	188.7	95.34	0.2673E-02	0.957	0.027	0.016
	20.000	189.0	96.37	0.2699E-02	0.957	0.027	0.016
	19.900	189.2	97.35	0.2723E-02	0.957	0.027	0.016
	19.800	189.4	98.34	0.2747E-02	0.957	0.027	0.016
	19.700	189.6	99.35	0.2772E-02	0.957	0.027	0.016
	19.600	189.8	100.4	0.2797E-02	0.957	0.027	0.016
	19.500	190.1	101.4	0.2822E-02	0.957	0.027	0.016
	19.400	190.3	102.4	0.2847E-02	0.957	0.027	0.016
	19.300	190.5	103.5	0.2873E-02	0.957	0.027	0.016
	19.200	190.7	104.5	0.2899E-02	0.957	0.027	0.016
	19.100	191.0	105.6	0.2925E-02	0.957	0.027	0.016
	19.000	191.2	106.6	0.2951E-02	0.957	0.027	0.016
	18.900	191.4	107.7	0.2978E-02	0.957	0.027	0.016
	18.800	191.6	108.8	0.3005E-02	0.957	0.027	0.016
	18.700	191.8	109.9	0.3032E-02	0.957	0.027	0.016
	18.600	192.1	111.1	0.3059E-02	0.957	0.027	0.016
	18.500	192.3	112.2	0.3086E-02	0.957	0.027	0.016
	18.400	192.5	113.3	0.3114E-02	0.957	0.027	0.016
	18.300	192.7	114.5	0.3142E-02	0.957	0.027	0.016
	18.200	193.0	115.6	0.3171E-02	0.957	0.027	0.016
	18.100	193.2	116.8	0.3199E-02	0.957	0.027	0.016
	18.000	193.4	118.0	0.3228E-02	0.957	0.027	0.016
	17.900	193.6	119.2	0.3257E-02	0.957	0.027	0.016
	17.800	193.8	120.4	0.3286E-02	0.957	0.027	0.016
	17.700	194.1	121.6	0.3316E-02	0.957	0.027	0.016
	17.600	194.3	122.9	0.3346E-02	0.957	0.027	0.016
	17.500	194.5	124.1	0.3376E-02	0.957	0.027	0.016
	17.400	194.7	125.4	0.3407E-02	0.957	0.027	0.016
	17.300	195.0	126.7	0.3437E-02	0.957	0.027	0.016
	17.200	195.2	128.0	0.3468E-02	0.957	0.027	0.016
	17.100	195.4	129.3	0.3500E-02	0.957	0.027	0.016
	17.000	195.6	130.6	0.3531E-02	0.957	0.027	0.016
	16.900	195.9	131.9	0.3563E-02	0.957	0.027	0.016
	16.800	196.1	133.3	0.3595E-02	0.957	0.027	0.016
	16.700	196.3	134.6	0.3628E-02	0.957	0.027	0.016
	16.600	196.5	136.0	0.3660E-02	0.957	0.027	0.016
	16.500	196.7	137.4	0.3694E-02	0.957	0.027	0.016
	16.400	197.0	138.8	0.3727E-02	0.957	0.027	0.016
	16.300	197.2	140.2	0.3761E-02	0.957	0.027	0.016
	16.200	197.4	141.6	0.3795E-02	0.957	0.027	0.016
	16.100	197.6	143.0	0.3829E-02	0.957	0.027	0.016
	16.000	197.9	144.5	0.3863E-02	0.957	0.027	0.016
	15.900	198.1	146.0	0.3898E-02	0.957	0.027	0.016
	15.800	198.3	147.5	0.3934E-02	0.957	0.027	0.016
	15.700	198.5	149.0	0.3969E-02	0.957	0.027	0.016
	15.600	198.7	150.5	0.4005E-02	0.957	0.027	0.016
	15.500	199.0	152.0	0.4041E-02	0.957	0.027	0.016
	15.400	199.2	153.5	0.4078E-02	0.957	0.027	0.016
	15.300	199.4	155.1	0.4115E-02	0.957	0.027	0.016
	15.200	199.6	156.7	0.4152E-02	0.957	0.027	0.016
	15.100	199.9	158.3	0.4189E-02	0.957	0.027	0.016
	15.000	200.1	159.9	0.4227E-02	0.957	0.027	0.016
	14.900	200.3	161.4	0.4263E-02	0.957	0.027	0.016
	14.800	200.6	163.0	0.4299E-02	0.957	0.027	0.016
	14.700	200.8	164.5	0.4335E-02	0.957	0.027	0.016
	14.600	201.0	166.1	0.4371E-02	0.957	0.027	0.016
	14.500	201.3	167.7	0.4408E-02	0.957	0.027	0.016
	14.400	201.5	169.3	0.4445E-02	0.957	0.027	0.016
	14.300	201.8	171.0	0.4482E-02	0.957	0.027	0.016
	14.200	202.0	172.6	0.4520E-02	0.957	0.027	0.016
	14.100	202.3	174.3	0.4558E-02	0.957	0.027	0.016
	14.000	202.5	175.9	0.4596E-02	0.957	0.027	0.016
	13.900	202.7	177.6	0.4635E-02	0.957	0.027	0.016
	13.800	203.0	179.3	0.4674E-02	0.957	0.027	0.016
	13.700	203.2	181.1	0.4713E-02	0.957	0.027	0.016
	13.600	203.5	182.8	0.4753E-02	0.957	0.027	0.016
	13.500	203.7	184.6	0.4793E-02	0.957	0.027	0.016
	13.400	203.9	186.3	0.4833E-02	0.957	0.027	0.016
	13.300	204.2	188.1	0.4874E-02	0.957	0.027	0.016
	13.200	204.4	189.9	0.4915E-02	0.957	0.027	0.016
	13.100	204.7	191.8	0.4956E-02	0.957	0.027	0.016
	13.000	204.9	193.6	0.4998E-02	0.957	0.027	0.016
	12.900	205.2	195.5	0.5040E-02	0.957	0.027	0.016
	12.800	205.4	197.3	0.5083E-02	0.957	0.027	0.016
	12.700	205.6	199.2	0.5125E-02	0.957	0.027	0.016
	12.600	205.9	201.1	0.5169E-02	0.957	0.027	0.016
	12.500	206.1	203.1	0.5212E-02	0.957	0.027	0.016
	12.400	206.4	205.0	0.5256E-02	0.957	0.027	0.016
	12.300	206.6	207.0	0.5300E-02	0.957	0.027	0.016
	12.200	206.8	209.0	0.5345E-02	0.957	0.027	0.016
	12.100	207.1	211.0	0.5390E-02	0.957	0.027	0.016
	12.000	207.3	213.0	0.5436E-02	0.957	0.027	0.016
	11.900	207.6	215.1	0.5482E-02	0.957	0.027	0.016
	11.800	207.8	217.1	0.5528E-02	0.957	0.027	0.016
	11.700	208.0	219.2	0.5574E-02	0.957	0.027	0.016
	11.600	208.3	221.3	0.5621E-02	0.957	0.027	0.016
	11.500	208.5	223.4	0.5669E-02	0.957	0.027	0.016
	11.400	208.8	225.6	0.5717E-02	0.957	0.027	0.016
	11.300	209.0	227.8	0.5765E-02	0.957	0.027	0.016
	11.200	209.3	230.0	0.5814E-02	0.957	0.027	0.016
	11.100	209.5	232.2	0.5863E-02	0.957	0.027	0.016
	11.000	209.7	234.4	0.5912E-02	0.957	0.027	0.016
	10.900	210.0	236.6	0.5962E-02	0.957	0.027	0.016
	10.800	210.2	238.9	0.6013E-02	0.957	0.027	0.016
	10.700	210.5	241.2	0.6064E-02	0.957	0.027	0.016
	10.600	210.7	243.5	0.6115E-02	0.957	0.027	0.016
	10.500	210.9	245.9	0.6167E-02	0.957	0.027	0.016
	10.400	211.2	248.2	0.6219E-02	0.957	0.027	0.016
	10.300	211.4	250.6	0.6271E-02	0.957	0.027	0.016
	10.200	211.7	253.0	0.6324E-02	0.957	0.027	0.016
	10.100	211.9	255.5	0.6378E-02	0.957	0.027	0.016
	10.000	212.2	257.9	0.6432E-02	0.957	0.027	0.016
	9.9000	212.4	260.3	0.6483E-02	0.957	0.027	0.016
	9.8000	212.6	262.6	0.6534E-02	0.957	0.027	0.016
	9.7000	212.9	265.0	0.6586E-02	0.957	0.027	0.016
	9.6000	213.1	267.4	0.6639E-02	0.957	0.027	0.016
	9.5000	213.4	269.8	0.6691E-02	0.957	0.027	0.016
	9.4000	213.6	272.3	0.6745E-02	0.957	0.027	0.016
	9.3000	213.8	274.7	0.6798E-02	0.957	0.027	0.016
	9.2000	214.1	277.2	0.6852E-02	0.957	0.027	0.016
	9.1000	214.3	279.8	0.6907E-02	0.957	0.027	0.016
	9.0000	214.5	282.3	0.6962E-02	0.957	0.027	0.016
	8.9000	214.8	284.9	0.7017E-02	0.957	0.027	0.016
	8.8000	215.0	287.4	0.7073E-02	0.957	0.027	0.016
	8.7000	215.3	290.1	0.7129E-02	0.957	0.027	0.016
	8.6000	215.5	292.7	0.7186E-02	0.957	0.027	0.016
	8.5000	215.7	295.3	0.7243E-02	0.957	0.027	0.016
	8.4000	216.0	298.0	0.7301E-02	0.957	0.027	0.016
	8.3000	216.2	300.7	0.7359E-02	0.957	0.027	0.016
	8.2000	216.5	303.5	0.7418E-02	0.957	0.027	0.016
	8.1000	216.7	306.2	0.7477E-02	0.957	0.027	0.016
	8.0000	216.9	309.0	0.7536E-02	0.957	0.027	0.016
	7.9000	217.2	311.8	0.7597E-02	0.957	0.027	0.016
	7.8000	217.4	314.6	0.7657E-02	0.957	0.027	0.016
	7.7000	217.7	317.5	0.7718E-02	0.957	0.027	0.016
	7.6000	217.9	320.4	0.7780E-02	0.957	0.027	0.016
	7.5000	218.1	323.3	0.7842E-02	0.957	0.027	0.016
	7.4000	218.4	326.2	0.7904E-02	0.957	0.027	0.016
	7.3000	218.6	329.2	0.7967E-02	0.957	0.027	0.016
	7.2000	218.9	332.2	0.8031E-02	0.957	0.027	0.016
	7.1000	219.1	335.2	0.8095E-02	0.957	0.027	0.016
	7.0000	219.3	338.2	0.8159E-02	0.957	0.027	0.016
	6.9000	219.6	341.3	0.8225E-02	0.957	0.027	0.016
	6.8000	219.8	344.4	0.8290E-02	0.957	0.027	0.016
	6.7000	220.0	347.5	0.8356E-02	0.957	0.027	0.016
	6.6000	220.3	350.7	0.8423E-02	0.957	0.027	0.016
	6.5000	220.5	353.9	0.8490E-02	0.957	0.027	0.016
	6.4000	220.8	357.1	0.8558E-02	0.957	0.027	0.016
	6.3000	221.0	360.3	0.8627E-02	0.957	0.027	0.016
	6.2000	221.2	363.6	0.8696E-02	0.957	0.027	0.016
	6.1000	221.5	366.9	0.8765E-02	0.957	0.027	0.016
	6.0000	221.7	370.2	0.8835E-02	0.957	0.027	0.016
	5.9000	222.0	373.6	0.8906E-02	0.957	0.027	0.016
	5.8000	222.2	377.0	0.8977E-02	0.957	0.027	0.016
	5.7000	222.4	380.4	0.9049E-02	0.957	0.027	0.016
	5.6000	222.7	383.8	0.9121E-02	0.957	0.027	0.016
	5.5000	222.9	387.3	0.9194E-02	0.957	0.027	0.016
	5.4000	223.2	390.8	0.9268E-02	0.957	0.027	0.016
	5.3000	223.4	394.4	0.9342E-02	0.957	0.027	0.016
	5.2000	223.6	398.0	0.9416E-02	0.957	0.027	0.016
	5.1000	223.9	401.6	0.9492E-02	0.957	0.027	0.016
	5.0000	224.1	405.2	0.9568E-02	0.957	0.027	0.016
	4.9000	224.1	408.8	0.9651E-02	0.957	0.027	0.016
	4.8000	224.2	412.4	0.9735E-02	0.957	0.027	0.016
	4.7000	224.2	416.0	0.9820E-02	0.957	0.027	0.016
	4.6000	224.2	419.7	0.9906E-02	0.957	0.027	0.016
	4.5000	224.2	423.3	0.9992E-02	0.957	0.027	0.016
	4.4000	224.3	427.1	0.1008E-01	0.957	0.027	0.016
	4.3000	224.3	430.8	0.1017E-01	0.957	0.027	0.016
	4.2000	224.3	434.6	0.1026E-01	0.957	0.027	0.016
	4.1000	224.3	438.4	0.1034E-01	0.957	0.027	0.016
	4.0000	224.4	442.3	0.1043E-01	0.957	0.027	0.016
	3.9000	224.4	446.2	0.1053E-01	0.957	0.027	0.016
	3.8000	224.4	450.1	0.1062E-01	0.957	0.027	0.016
	3.7000	224.4	454.0	0.1071E-01	0.957	0.027	0.016
	3.6000	224.5	458.0	0.1080E-01	0.957	0.027	0.016
	3.5000	224.5	462.1	0.1090E-01	0.957	0.027	0.016
	3.4000	224.5	466.1	0.1099E-01	0.957	0.027	0.016
	3.3000	224.5	470.2	0.1109E-01	0.957	0.027	0.016
	3.2000	224.5	474.4	0.1118E-01	0.957	0.027	0.016
	3.1000	224.6	478.5	0.1128E-01	0.957	0.027	0.016
	3.0000	224.6	482.7	0.1138E-01	0.957	0.027	0.016
	2.9000	224.6	487.0	0.1148E-01	0.957	0.027	0.016
	2.8000	224.6	491.3	0.1158E-01	0.957	0.027	0.016
	2.7000	224.7	495.6	0.1168E-01	0.957	0.027	0.016
	2.6000	224.7	499.9	0.1178E-01	0.957	0.027	0.016
	2.5000	224.7	504.3	0.1188E-01	0.957	0.027	0.016
	2.4000	224.7	508.8	0.1199E-01	0.957	0.027	0.016
	2.3000	224.8	513.2	0.1209E-01	0.957	0.027	0.016
	2.2000	224.8	517.8	0.1220E-01	0.957	0.027	0.016
	2.1000	224.8	522.3	0.1230E-01	0.957	0.027	0.016
	2.0000	224.8	526.9	0.1241E-01	0.957	0.027	0.016
	1.9000	224.9	531.5	0.1252E-01	0.957	0.027	0.016
	1.8000	224.9	536.2	0.1263E-01	0.957	0.027	0.016
	1.7000	224.9	540.9	0.1274E-01	0.957	0.027	0.016
	1.6000	224.9	545.7	0.1285E-01	0.957	0.027	0.016
	1.5000	225.0	550.5	0.1296E-01	0.957	0.027	0.016
	1.4000	225.0	555.3	0.1307E-01	0.957	0.027	0.016
	1.3000	225.0	560.2	0.1319E-01	0.957	0.027	0.016
	1.2000	225.0	565.1	0.1330E-01	0.957	0.027	0.016
	1.1000	225.1	570.1	0.1342E-01	0.957	0.027	0.016
	1.0000	225.1	575.1	0.1354E-01	0.957	0.027	0.016
	0.90000	225.1	580.1	0.1365E-01	0.957	0.027	0.016
	0.80000	225.1	585.2	0.1377E-01	0.957	0.027	0.016
	0.70000	225.1	590.4	0.1389E-01	0.957	0.027	0.016
	0.60000	225.2	595.6	0.1401E-01	0.957	0.027	0.016
	0.50000	225.2	600.8	0.1414E-01	0.957	0.027	0.016
	0.40000	225.2	606.1	0.1426E-01	0.957	0.027	0.016
	0.30000	225.2	611.4	0.1438E-01	0.957	0.027	0.016
	0.20000	225.3	616.8	0.1451E-01	0.957	0.027	0.016
	0.10000	225.3	622.2	0.1464E-01	0.957	0.027	0.016
	0.18626E-05	225.3	627.7	0.1476E-01	0.957	0.027	0.016
	-0.99998E-01	225.2	633.2	0.1490E-01	0.957	0.027	0.016
	-0.20000	225.2	638.8	0.1503E-01	0.957	0.027	0.016
	-0.30000	225.1	644.4	0.1517E-01	0.957	0.027	0.016
	-0.40000	225.0	650.1	0.1531E-01	0.957	0.027	0.016
	-0.50000	225.0	655.8	0.1545E-01	0.957	0.027	0.016
	-0.60000	224.9	661.5	0.1559E-01	0.957	0.027	0.016
	-0.70000	224.8	667.4	0.1573E-01	0.957	0.027	0.016
	-0.80000	224.8	673.2	0.1587E-01	0.957	0.027	0.016
	-0.90000	224.7	679.1	0.1602E-01	0.957	0.027	0.016
	-1.00000	224.6	685.1	0.1616E-01	0.957	0.027	0.016
	-1.1000	224.6	691.1	0.1631E-01	0.957	0.027	0.016
	-1.2000	224.5	697.2	0.1646E-01	0.957	0.027	0.016
	-1.3000	224.4	703.3	0.1661E-01	0.957	0.027	0.016
	-1.4000	224.4	709.5	0.1676E-01	0.957	0.027	0.016
	-1.5000	224.3	715.8	0.1691E-01	0.957	0.027	0.016
	-1.6000	224.2	722.1	0.1706E-01	0.957	0.027	0.016
	-1.7000	224.2	728.4	0.1722E-01	0.957	0.027	0.016
	-1.8000	224.1	734.8	0.1738E-01	0.957	0.027	0.016
	-1.9000	224.0	741.3	0.1753E-01	0.957	0.027	0.016
	-2.0000	224.0	747.8	0.1769E-01	0.957	0.027	0.016
	-2.1000	223.9	754.4	0.1785E-01	0.957	0.027	0.016
	-2.2000	223.8	761.0	0.1802E-01	0.957	0.027	0.016
	-2.3000	223.8	767.7	0.1818E-01	0.957	0.027	0.016
	-2.4000	223.7	774.4	0.1835E-01	0.957	0.027	0.016

