\comments
	 Dayly averaged Mars atmospheric profiles computed with MarsGram2001 
	date :	2000/1/1 12:0:0
	ground altitude :	-4.0884 km
	latitude :	45
	longitude :	180
\definition
	 \type_of_composition{mass_composition}
	 \mass_density_unit{kg/m3}
	 \pressure_unit{Pa}
	 \altitude_unit{km}
	 \ground_altitude{-4.0884}
	 \top_altitude{90}
\data
	altitude	temperature	pressure	density	CO2	N2	Ar
	89.899	117.5	0.8340E-02	0.3528E-06	0.957	0.027	0.016
	89.799	117.6	0.8471E-02	0.3582E-06	0.957	0.027	0.016
	89.699	117.7	0.8604E-02	0.3637E-06	0.957	0.027	0.016
	89.599	117.7	0.8739E-02	0.3692E-06	0.957	0.027	0.016
	89.499	117.8	0.8876E-02	0.3748E-06	0.957	0.027	0.016
	89.399	117.8	0.9016E-02	0.3806E-06	0.957	0.027	0.016
	89.299	117.9	0.9157E-02	0.3863E-06	0.957	0.027	0.016
	89.199	118.0	0.9301E-02	0.3922E-06	0.957	0.027	0.016
	89.099	118.0	0.9447E-02	0.3982E-06	0.957	0.027	0.016
	88.999	118.1	0.9596E-02	0.4043E-06	0.957	0.027	0.016
	88.899	118.1	0.9746E-02	0.4104E-06	0.957	0.027	0.016
	88.799	118.2	0.9899E-02	0.4167E-06	0.957	0.027	0.016
	88.699	118.2	0.1005E-01	0.4230E-06	0.957	0.027	0.016
	88.599	118.3	0.1021E-01	0.4295E-06	0.957	0.027	0.016
	88.499	118.4	0.1037E-01	0.4360E-06	0.957	0.027	0.016
	88.399	118.4	0.1054E-01	0.4427E-06	0.957	0.027	0.016
	88.299	118.5	0.1070E-01	0.4494E-06	0.957	0.027	0.016
	88.199	118.5	0.1087E-01	0.4563E-06	0.957	0.027	0.016
	88.099	118.6	0.1104E-01	0.4632E-06	0.957	0.027	0.016
	87.999	118.7	0.1121E-01	0.4703E-06	0.957	0.027	0.016
	87.899	118.7	0.1139E-01	0.4774E-06	0.957	0.027	0.016
	87.799	118.8	0.1157E-01	0.4847E-06	0.957	0.027	0.016
	87.699	118.8	0.1175E-01	0.4920E-06	0.957	0.027	0.016
	87.599	118.9	0.1193E-01	0.4991E-06	0.957	0.027	0.016
	87.499	119.0	0.1211E-01	0.5064E-06	0.957	0.027	0.016
	87.399	119.1	0.1229E-01	0.5137E-06	0.957	0.027	0.016
	87.299	119.2	0.1248E-01	0.5211E-06	0.957	0.027	0.016
	87.199	119.3	0.1267E-01	0.5287E-06	0.957	0.027	0.016
	87.099	119.4	0.1286E-01	0.5363E-06	0.957	0.027	0.016
	86.999	119.5	0.1306E-01	0.5441E-06	0.957	0.027	0.016
	86.899	119.6	0.1326E-01	0.5519E-06	0.957	0.027	0.016
	86.799	119.7	0.1346E-01	0.5599E-06	0.957	0.027	0.016
	86.699	119.8	0.1367E-01	0.5680E-06	0.957	0.027	0.016
	86.599	119.8	0.1387E-01	0.5763E-06	0.957	0.027	0.016
	86.499	119.9	0.1409E-01	0.5846E-06	0.957	0.027	0.016
	86.399	120.0	0.1430E-01	0.5931E-06	0.957	0.027	0.016
	86.299	120.1	0.1452E-01	0.6016E-06	0.957	0.027	0.016
	86.199	120.2	0.1474E-01	0.6104E-06	0.957	0.027	0.016
	86.099	120.3	0.1496E-01	0.6192E-06	0.957	0.027	0.016
	85.999	120.4	0.1519E-01	0.6282E-06	0.957	0.027	0.016
	85.899	120.5	0.1542E-01	0.6373E-06	0.957	0.027	0.016
	85.799	120.6	0.1566E-01	0.6465E-06	0.957	0.027	0.016
	85.699	120.7	0.1590E-01	0.6558E-06	0.957	0.027	0.016
	85.599	120.8	0.1614E-01	0.6653E-06	0.957	0.027	0.016
	85.499	120.8	0.1638E-01	0.6750E-06	0.957	0.027	0.016
	85.399	120.9	0.1663E-01	0.6847E-06	0.957	0.027	0.016
	85.299	121.0	0.1689E-01	0.6947E-06	0.957	0.027	0.016
	85.199	121.1	0.1714E-01	0.7047E-06	0.957	0.027	0.016
	85.099	121.2	0.1741E-01	0.7149E-06	0.957	0.027	0.016
	84.999	121.3	0.1767E-01	0.7253E-06	0.957	0.027	0.016
	84.899	121.4	0.1794E-01	0.7358E-06	0.957	0.027	0.016
	84.799	121.5	0.1821E-01	0.7464E-06	0.957	0.027	0.016
	84.699	121.6	0.1849E-01	0.7572E-06	0.957	0.027	0.016
	84.599	121.7	0.1877E-01	0.7682E-06	0.957	0.027	0.016
	84.499	121.8	0.1906E-01	0.7793E-06	0.957	0.027	0.016
	84.399	121.9	0.1935E-01	0.7906E-06	0.957	0.027	0.016
	84.299	121.9	0.1964E-01	0.8021E-06	0.957	0.027	0.016
	84.199	122.0	0.1994E-01	0.8137E-06	0.957	0.027	0.016
	84.099	122.1	0.2025E-01	0.8255E-06	0.957	0.027	0.016
	83.999	122.2	0.2055E-01	0.8375E-06	0.957	0.027	0.016
	83.899	122.3	0.2087E-01	0.8496E-06	0.957	0.027	0.016
	83.799	122.4	0.2119E-01	0.8619E-06	0.957	0.027	0.016
	83.699	122.5	0.2151E-01	0.8744E-06	0.957	0.027	0.016
	83.599	122.6	0.2184E-01	0.8871E-06	0.957	0.027	0.016
	83.499	122.7	0.2217E-01	0.8999E-06	0.957	0.027	0.016
	83.399	122.8	0.2251E-01	0.9130E-06	0.957	0.027	0.016
	83.299	122.9	0.2285E-01	0.9262E-06	0.957	0.027	0.016
	83.199	123.0	0.2320E-01	0.9396E-06	0.957	0.027	0.016
	83.099	123.0	0.2355E-01	0.9532E-06	0.957	0.027	0.016
	82.999	123.1	0.2391E-01	0.9670E-06	0.957	0.027	0.016
	82.899	123.2	0.2427E-01	0.9811E-06	0.957	0.027	0.016
	82.799	123.3	0.2464E-01	0.9953E-06	0.957	0.027	0.016
	82.699	123.4	0.2501E-01	0.1010E-05	0.957	0.027	0.016
	82.599	123.5	0.2538E-01	0.1023E-05	0.957	0.027	0.016
	82.499	123.7	0.2575E-01	0.1037E-05	0.957	0.027	0.016
	82.399	123.8	0.2613E-01	0.1051E-05	0.957	0.027	0.016
	82.299	123.9	0.2651E-01	0.1066E-05	0.957	0.027	0.016
	82.199	124.0	0.2690E-01	0.1080E-05	0.957	0.027	0.016
	82.099	124.1	0.2729E-01	0.1095E-05	0.957	0.027	0.016
	81.999	124.2	0.2769E-01	0.1110E-05	0.957	0.027	0.016
	81.899	124.4	0.2810E-01	0.1125E-05	0.957	0.027	0.016
	81.799	124.5	0.2851E-01	0.1141E-05	0.957	0.027	0.016
	81.699	124.6	0.2893E-01	0.1156E-05	0.957	0.027	0.016
	81.599	124.7	0.2935E-01	0.1172E-05	0.957	0.027	0.016
	81.499	124.8	0.2978E-01	0.1188E-05	0.957	0.027	0.016
	81.399	125.0	0.3021E-01	0.1204E-05	0.957	0.027	0.016
	81.299	125.1	0.3066E-01	0.1221E-05	0.957	0.027	0.016
	81.199	125.2	0.3110E-01	0.1238E-05	0.957	0.027	0.016
	81.099	125.3	0.3156E-01	0.1255E-05	0.957	0.027	0.016
	80.999	125.4	0.3202E-01	0.1272E-05	0.957	0.027	0.016
	80.899	125.6	0.3249E-01	0.1289E-05	0.957	0.027	0.016
	80.799	125.7	0.3297E-01	0.1307E-05	0.957	0.027	0.016
	80.699	125.8	0.3345E-01	0.1325E-05	0.957	0.027	0.016
	80.599	125.9	0.3394E-01	0.1343E-05	0.957	0.027	0.016
	80.499	126.0	0.3443E-01	0.1361E-05	0.957	0.027	0.016
	80.399	126.1	0.3494E-01	0.1380E-05	0.957	0.027	0.016
	80.299	126.3	0.3545E-01	0.1399E-05	0.957	0.027	0.016
	80.199	126.4	0.3597E-01	0.1418E-05	0.957	0.027	0.016
	80.099	126.5	0.3649E-01	0.1437E-05	0.957	0.027	0.016
	79.999	126.6	0.3703E-01	0.1457E-05	0.957	0.027	0.016
	79.899	126.7	0.3757E-01	0.1477E-05	0.957	0.027	0.016
	79.799	126.9	0.3812E-01	0.1497E-05	0.957	0.027	0.016
	79.699	127.0	0.3868E-01	0.1518E-05	0.957	0.027	0.016
	79.599	127.1	0.3924E-01	0.1538E-05	0.957	0.027	0.016
	79.499	127.2	0.3982E-01	0.1559E-05	0.957	0.027	0.016
	79.399	127.3	0.4040E-01	0.1581E-05	0.957	0.027	0.016
	79.299	127.5	0.4099E-01	0.1602E-05	0.957	0.027	0.016
	79.199	127.6	0.4159E-01	0.1624E-05	0.957	0.027	0.016
	79.099	127.7	0.4220E-01	0.1647E-05	0.957	0.027	0.016
	78.999	127.8	0.4282E-01	0.1669E-05	0.957	0.027	0.016
	78.899	127.9	0.4344E-01	0.1692E-05	0.957	0.027	0.016
	78.799	128.0	0.4408E-01	0.1715E-05	0.957	0.027	0.016
	78.699	128.2	0.4472E-01	0.1739E-05	0.957	0.027	0.016
	78.599	128.3	0.4538E-01	0.1763E-05	0.957	0.027	0.016
	78.499	128.4	0.4604E-01	0.1787E-05	0.957	0.027	0.016
	78.399	128.5	0.4672E-01	0.1811E-05	0.957	0.027	0.016
	78.299	128.6	0.4740E-01	0.1836E-05	0.957	0.027	0.016
	78.199	128.8	0.4809E-01	0.1861E-05	0.957	0.027	0.016
	78.099	128.9	0.4880E-01	0.1887E-05	0.957	0.027	0.016
	77.999	129.0	0.4951E-01	0.1913E-05	0.957	0.027	0.016
	77.899	129.1	0.5024E-01	0.1939E-05	0.957	0.027	0.016
	77.799	129.2	0.5097E-01	0.1965E-05	0.957	0.027	0.016
	77.699	129.4	0.5172E-01	0.1992E-05	0.957	0.027	0.016
	77.599	129.9	0.5251E-01	0.2020E-05	0.957	0.027	0.016
	77.499	130.3	0.5331E-01	0.2048E-05	0.957	0.027	0.016
	77.399	130.8	0.5413E-01	0.2076E-05	0.957	0.027	0.016
	77.299	131.2	0.5495E-01	0.2105E-05	0.957	0.027	0.016
	77.199	131.7	0.5579E-01	0.2135E-05	0.957	0.027	0.016
	77.099	132.1	0.5664E-01	0.2164E-05	0.957	0.027	0.016
	76.999	132.6	0.5751E-01	0.2194E-05	0.957	0.027	0.016
	76.899	133.1	0.5838E-01	0.2225E-05	0.957	0.027	0.016
	76.799	133.5	0.5927E-01	0.2256E-05	0.957	0.027	0.016
	76.699	134.0	0.6018E-01	0.2288E-05	0.957	0.027	0.016
	76.599	134.4	0.6110E-01	0.2320E-05	0.957	0.027	0.016
	76.499	134.9	0.6203E-01	0.2352E-05	0.957	0.027	0.016
	76.399	135.3	0.6298E-01	0.2386E-05	0.957	0.027	0.016
	76.299	135.8	0.6394E-01	0.2419E-05	0.957	0.027	0.016
	76.199	136.2	0.6491E-01	0.2453E-05	0.957	0.027	0.016
	76.099	136.7	0.6590E-01	0.2488E-05	0.957	0.027	0.016
	75.999	137.1	0.6691E-01	0.2523E-05	0.957	0.027	0.016
	75.899	137.6	0.6793E-01	0.2558E-05	0.957	0.027	0.016
	75.799	138.0	0.6896E-01	0.2595E-05	0.957	0.027	0.016
	75.699	138.5	0.7002E-01	0.2631E-05	0.957	0.027	0.016
	75.599	139.0	0.7109E-01	0.2669E-05	0.957	0.027	0.016
	75.499	139.4	0.7217E-01	0.2707E-05	0.957	0.027	0.016
	75.399	139.9	0.7327E-01	0.2745E-05	0.957	0.027	0.016
	75.299	140.3	0.7439E-01	0.2784E-05	0.957	0.027	0.016
	75.199	140.8	0.7552E-01	0.2824E-05	0.957	0.027	0.016
	75.099	141.2	0.7668E-01	0.2864E-05	0.957	0.027	0.016
	74.999	141.7	0.7784E-01	0.2905E-05	0.957	0.027	0.016
	74.899	141.8	0.7892E-01	0.2943E-05	0.957	0.027	0.016
	74.799	141.8	0.8001E-01	0.2982E-05	0.957	0.027	0.016
	74.699	141.9	0.8111E-01	0.3022E-05	0.957	0.027	0.016
	74.599	142.0	0.8223E-01	0.3062E-05	0.957	0.027	0.016
	74.499	142.1	0.8337E-01	0.3102E-05	0.957	0.027	0.016
	74.399	142.2	0.8452E-01	0.3144E-05	0.957	0.027	0.016
	74.299	142.2	0.8569E-01	0.3185E-05	0.957	0.027	0.016
	74.199	142.3	0.8687E-01	0.3227E-05	0.957	0.027	0.016
	74.099	142.4	0.8807E-01	0.3270E-05	0.957	0.027	0.016
	73.999	142.5	0.8928E-01	0.3313E-05	0.957	0.027	0.016
	73.899	142.6	0.9052E-01	0.3357E-05	0.957	0.027	0.016
	73.799	142.6	0.9176E-01	0.3402E-05	0.957	0.027	0.016
	73.699	142.7	0.9303E-01	0.3447E-05	0.957	0.027	0.016
	73.599	142.8	0.9432E-01	0.3493E-05	0.957	0.027	0.016
	73.499	142.9	0.9562E-01	0.3539E-05	0.957	0.027	0.016
	73.399	143.0	0.9694E-01	0.3586E-05	0.957	0.027	0.016
	73.299	143.0	0.9828E-01	0.3633E-05	0.957	0.027	0.016
	73.199	143.1	0.9963E-01	0.3681E-05	0.957	0.027	0.016
	73.099	143.2	0.1010	0.3730E-05	0.957	0.027	0.016
	72.999	143.3	0.1024	0.3780E-05	0.957	0.027	0.016
	72.899	143.4	0.1038	0.3830E-05	0.957	0.027	0.016
	72.799	143.4	0.1052	0.3880E-05	0.957	0.027	0.016
	72.699	143.5	0.1067	0.3932E-05	0.957	0.027	0.016
	72.599	143.6	0.1082	0.3984E-05	0.957	0.027	0.016
	72.499	143.7	0.1097	0.4037E-05	0.957	0.027	0.016
	72.399	143.8	0.1112	0.4090E-05	0.957	0.027	0.016
	72.299	143.8	0.1127	0.4144E-05	0.957	0.027	0.016
	72.199	143.9	0.1143	0.4199E-05	0.957	0.027	0.016
	72.099	144.0	0.1158	0.4255E-05	0.957	0.027	0.016
	71.999	144.1	0.1174	0.4311E-05	0.957	0.027	0.016
	71.899	144.2	0.1191	0.4369E-05	0.957	0.027	0.016
	71.799	144.2	0.1207	0.4427E-05	0.957	0.027	0.016
	71.699	144.3	0.1224	0.4485E-05	0.957	0.027	0.016
	71.599	144.4	0.1241	0.4545E-05	0.957	0.027	0.016
	71.499	144.5	0.1258	0.4605E-05	0.957	0.027	0.016
	71.399	144.6	0.1275	0.4666E-05	0.957	0.027	0.016
	71.299	144.6	0.1293	0.4728E-05	0.957	0.027	0.016
	71.199	144.7	0.1311	0.4790E-05	0.957	0.027	0.016
	71.099	144.8	0.1329	0.4854E-05	0.957	0.027	0.016
	70.999	144.9	0.1347	0.4918E-05	0.957	0.027	0.016
	70.899	145.0	0.1366	0.4984E-05	0.957	0.027	0.016
	70.799	145.1	0.1384	0.5050E-05	0.957	0.027	0.016
	70.700	145.1	0.1404	0.5117E-05	0.957	0.027	0.016
	70.600	145.2	0.1423	0.5184E-05	0.957	0.027	0.016
	70.500	145.3	0.1443	0.5253E-05	0.957	0.027	0.016
	70.400	145.4	0.1463	0.5323E-05	0.957	0.027	0.016
	70.300	145.5	0.1483	0.5393E-05	0.957	0.027	0.016
	70.200	145.5	0.1503	0.5465E-05	0.957	0.027	0.016
	70.100	145.6	0.1524	0.5537E-05	0.957	0.027	0.016
	70.000	145.7	0.1545	0.5611E-05	0.957	0.027	0.016
	69.900	145.7	0.1566	0.5686E-05	0.957	0.027	0.016
	69.800	145.8	0.1587	0.5762E-05	0.957	0.027	0.016
	69.700	145.8	0.1609	0.5838E-05	0.957	0.027	0.016
	69.600	145.8	0.1630	0.5916E-05	0.957	0.027	0.016
	69.500	145.8	0.1652	0.5995E-05	0.957	0.027	0.016
	69.400	145.9	0.1675	0.6075E-05	0.957	0.027	0.016
	69.300	145.9	0.1698	0.6156E-05	0.957	0.027	0.016
	69.200	145.9	0.1721	0.6238E-05	0.957	0.027	0.016
	69.100	146.0	0.1744	0.6322E-05	0.957	0.027	0.016
	69.000	146.0	0.1767	0.6406E-05	0.957	0.027	0.016
	68.900	146.0	0.1791	0.6491E-05	0.957	0.027	0.016
	68.800	146.1	0.1816	0.6578E-05	0.957	0.027	0.016
	68.700	146.1	0.1840	0.6666E-05	0.957	0.027	0.016
	68.600	146.1	0.1865	0.6755E-05	0.957	0.027	0.016
	68.500	146.2	0.1890	0.6845E-05	0.957	0.027	0.016
	68.400	146.2	0.1916	0.6936E-05	0.957	0.027	0.016
	68.300	146.2	0.1942	0.7029E-05	0.957	0.027	0.016
	68.200	146.3	0.1968	0.7122E-05	0.957	0.027	0.016
	68.100	146.3	0.1995	0.7218E-05	0.957	0.027	0.016
	68.000	146.3	0.2022	0.7314E-05	0.957	0.027	0.016
	67.900	146.3	0.2049	0.7411E-05	0.957	0.027	0.016
	67.800	146.4	0.2077	0.7510E-05	0.957	0.027	0.016
	67.700	146.4	0.2105	0.7610E-05	0.957	0.027	0.016
	67.600	146.4	0.2134	0.7712E-05	0.957	0.027	0.016
	67.500	146.5	0.2163	0.7815E-05	0.957	0.027	0.016
	67.400	146.5	0.2192	0.7919E-05	0.957	0.027	0.016
	67.300	146.5	0.2222	0.8025E-05	0.957	0.027	0.016
	67.200	146.6	0.2252	0.8132E-05	0.957	0.027	0.016
	67.100	146.6	0.2282	0.8240E-05	0.957	0.027	0.016
	67.000	146.6	0.2313	0.8350E-05	0.957	0.027	0.016
	66.900	146.7	0.2344	0.8462E-05	0.957	0.027	0.016
	66.800	146.7	0.2376	0.8575E-05	0.957	0.027	0.016
	66.700	146.7	0.2408	0.8689E-05	0.957	0.027	0.016
	66.600	146.8	0.2441	0.8805E-05	0.957	0.027	0.016
	66.500	146.8	0.2474	0.8923E-05	0.957	0.027	0.016
	66.400	146.8	0.2508	0.9042E-05	0.957	0.027	0.016
	66.300	146.8	0.2542	0.9162E-05	0.957	0.027	0.016
	66.200	146.9	0.2576	0.9284E-05	0.957	0.027	0.016
	66.100	146.9	0.2611	0.9408E-05	0.957	0.027	0.016
	66.000	146.9	0.2646	0.9534E-05	0.957	0.027	0.016
	65.900	147.0	0.2682	0.9661E-05	0.957	0.027	0.016
	65.800	147.0	0.2718	0.9790E-05	0.957	0.027	0.016
	65.700	147.0	0.2755	0.9921E-05	0.957	0.027	0.016
	65.600	147.1	0.2793	0.1005E-04	0.957	0.027	0.016
	65.500	147.1	0.2830	0.1019E-04	0.957	0.027	0.016
	65.400	147.1	0.2869	0.1032E-04	0.957	0.027	0.016
	65.300	147.2	0.2908	0.1046E-04	0.957	0.027	0.016
	65.200	147.2	0.2947	0.1060E-04	0.957	0.027	0.016
	65.100	147.2	0.2987	0.1074E-04	0.957	0.027	0.016
	65.000	147.3	0.3027	0.1089E-04	0.957	0.027	0.016
	64.900	147.2	0.3068	0.1103E-04	0.957	0.027	0.016
	64.800	147.2	0.3110	0.1118E-04	0.957	0.027	0.016
	64.700	147.2	0.3152	0.1134E-04	0.957	0.027	0.016
	64.600	147.2	0.3194	0.1149E-04	0.957	0.027	0.016
	64.500	147.2	0.3237	0.1165E-04	0.957	0.027	0.016
	64.400	147.2	0.3281	0.1180E-04	0.957	0.027	0.016
	64.300	147.2	0.3325	0.1196E-04	0.957	0.027	0.016
	64.200	147.2	0.3370	0.1213E-04	0.957	0.027	0.016
	64.100	147.1	0.3416	0.1229E-04	0.957	0.027	0.016
	64.000	147.1	0.3462	0.1246E-04	0.957	0.027	0.016
	63.900	147.1	0.3509	0.1263E-04	0.957	0.027	0.016
	63.800	147.1	0.3556	0.1280E-04	0.957	0.027	0.016
	63.700	147.1	0.3604	0.1297E-04	0.957	0.027	0.016
	63.600	147.1	0.3653	0.1315E-04	0.957	0.027	0.016
	63.500	147.1	0.3702	0.1333E-04	0.957	0.027	0.016
	63.400	147.1	0.3752	0.1351E-04	0.957	0.027	0.016
	63.300	147.0	0.3803	0.1369E-04	0.957	0.027	0.016
	63.200	147.0	0.3854	0.1388E-04	0.957	0.027	0.016
	63.100	147.0	0.3906	0.1407E-04	0.957	0.027	0.016
	63.000	147.0	0.3959	0.1426E-04	0.957	0.027	0.016
	62.900	147.0	0.4012	0.1445E-04	0.957	0.027	0.016
	62.800	147.0	0.4066	0.1465E-04	0.957	0.027	0.016
	62.700	147.0	0.4121	0.1485E-04	0.957	0.027	0.016
	62.600	147.0	0.4177	0.1505E-04	0.957	0.027	0.016
	62.500	146.9	0.4233	0.1526E-04	0.957	0.027	0.016
	62.400	146.9	0.4290	0.1546E-04	0.957	0.027	0.016
	62.300	146.9	0.4348	0.1567E-04	0.957	0.027	0.016
	62.200	146.9	0.4407	0.1589E-04	0.957	0.027	0.016
	62.100	146.9	0.4466	0.1610E-04	0.957	0.027	0.016
	62.000	146.9	0.4527	0.1632E-04	0.957	0.027	0.016
	61.900	146.9	0.4588	0.1654E-04	0.957	0.027	0.016
	61.800	146.8	0.4650	0.1677E-04	0.957	0.027	0.016
	61.700	146.8	0.4713	0.1700E-04	0.957	0.027	0.016
	61.600	146.8	0.4776	0.1723E-04	0.957	0.027	0.016
	61.500	146.8	0.4841	0.1746E-04	0.957	0.027	0.016
	61.400	146.8	0.4906	0.1770E-04	0.957	0.027	0.016
	61.300	146.8	0.4972	0.1794E-04	0.957	0.027	0.016
	61.200	146.8	0.5040	0.1818E-04	0.957	0.027	0.016
	61.100	146.8	0.5108	0.1843E-04	0.957	0.027	0.016
	61.000	146.7	0.5177	0.1868E-04	0.957	0.027	0.016
	60.900	146.7	0.5246	0.1894E-04	0.957	0.027	0.016
	60.800	146.7	0.5317	0.1919E-04	0.957	0.027	0.016
	60.700	146.7	0.5389	0.1945E-04	0.957	0.027	0.016
	60.600	146.7	0.5462	0.1972E-04	0.957	0.027	0.016
	60.500	146.7	0.5536	0.1999E-04	0.957	0.027	0.016
	60.400	146.7	0.5610	0.2026E-04	0.957	0.027	0.016
	60.300	146.7	0.5686	0.2053E-04	0.957	0.027	0.016
	60.200	146.6	0.5763	0.2081E-04	0.957	0.027	0.016
	60.100	146.6	0.5841	0.2110E-04	0.957	0.027	0.016
	60.000	146.6	0.5919	0.2138E-04	0.957	0.027	0.016
	59.900	146.5	0.6001	0.2169E-04	0.957	0.027	0.016
	59.800	146.5	0.6083	0.2200E-04	0.957	0.027	0.016
	59.700	146.4	0.6167	0.2231E-04	0.957	0.027	0.016
	59.600	146.3	0.6251	0.2263E-04	0.957	0.027	0.016
	59.500	146.2	0.6337	0.2295E-04	0.957	0.027	0.016
	59.400	146.2	0.6424	0.2328E-04	0.957	0.027	0.016
	59.300	146.1	0.6512	0.2361E-04	0.957	0.027	0.016
	59.200	146.0	0.6602	0.2395E-04	0.957	0.027	0.016
	59.100	145.9	0.6692	0.2429E-04	0.957	0.027	0.016
	59.000	145.9	0.6784	0.2463E-04	0.957	0.027	0.016
	58.900	145.8	0.6877	0.2498E-04	0.957	0.027	0.016
	58.800	145.7	0.6972	0.2534E-04	0.957	0.027	0.016
	58.700	145.6	0.7068	0.2570E-04	0.957	0.027	0.016
	58.600	145.6	0.7165	0.2607E-04	0.957	0.027	0.016
	58.500	145.5	0.7263	0.2644E-04	0.957	0.027	0.016
	58.400	145.4	0.7363	0.2682E-04	0.957	0.027	0.016
	58.300	145.3	0.7464	0.2720E-04	0.957	0.027	0.016
	58.200	145.3	0.7566	0.2759E-04	0.957	0.027	0.016
	58.100	145.2	0.7670	0.2798E-04	0.957	0.027	0.016
	58.000	145.1	0.7775	0.2838E-04	0.957	0.027	0.016
	57.900	145.0	0.7882	0.2878E-04	0.957	0.027	0.016
	57.800	145.0	0.7990	0.2919E-04	0.957	0.027	0.016
	57.700	144.9	0.8100	0.2961E-04	0.957	0.027	0.016
	57.600	144.8	0.8211	0.3003E-04	0.957	0.027	0.016
	57.500	144.7	0.8324	0.3046E-04	0.957	0.027	0.016
	57.400	144.7	0.8438	0.3089E-04	0.957	0.027	0.016
	57.300	144.6	0.8554	0.3133E-04	0.957	0.027	0.016
	57.200	144.5	0.8672	0.3178E-04	0.957	0.027	0.016
	57.100	144.4	0.8791	0.3223E-04	0.957	0.027	0.016
	57.000	144.4	0.8911	0.3269E-04	0.957	0.027	0.016
	56.900	144.3	0.9034	0.3316E-04	0.957	0.027	0.016
	56.800	144.2	0.9158	0.3363E-04	0.957	0.027	0.016
	56.700	144.1	0.9284	0.3411E-04	0.957	0.027	0.016
	56.600	144.1	0.9411	0.3460E-04	0.957	0.027	0.016
	56.500	144.0	0.9540	0.3509E-04	0.957	0.027	0.016
	56.400	143.9	0.9671	0.3559E-04	0.957	0.027	0.016
	56.300	143.8	0.9804	0.3610E-04	0.957	0.027	0.016
	56.200	143.8	0.9939	0.3661E-04	0.957	0.027	0.016
	56.100	143.7	1.008	0.3714E-04	0.957	0.027	0.016
	56.000	143.6	1.021	0.3767E-04	0.957	0.027	0.016
	55.900	143.5	1.035	0.3820E-04	0.957	0.027	0.016
	55.800	143.5	1.050	0.3875E-04	0.957	0.027	0.016
	55.700	143.4	1.064	0.3930E-04	0.957	0.027	0.016
	55.600	143.3	1.079	0.3986E-04	0.957	0.027	0.016
	55.500	143.2	1.093	0.4043E-04	0.957	0.027	0.016
	55.400	143.2	1.108	0.4101E-04	0.957	0.027	0.016
	55.300	143.1	1.124	0.4159E-04	0.957	0.027	0.016
	55.200	143.0	1.139	0.4218E-04	0.957	0.027	0.016
	55.100	142.9	1.155	0.4278E-04	0.957	0.027	0.016
	55.000	142.9	1.171	0.4339E-04	0.957	0.027	0.016
	54.900	142.8	1.187	0.4401E-04	0.957	0.027	0.016
	54.800	142.8	1.204	0.4463E-04	0.957	0.027	0.016
	54.700	142.8	1.220	0.4527E-04	0.957	0.027	0.016
	54.600	142.7	1.237	0.4591E-04	0.957	0.027	0.016
	54.500	142.7	1.255	0.4656E-04	0.957	0.027	0.016
	54.400	142.7	1.272	0.4722E-04	0.957	0.027	0.016
	54.300	142.6	1.290	0.4789E-04	0.957	0.027	0.016
	54.200	142.6	1.308	0.4857E-04	0.957	0.027	0.016
	54.100	142.6	1.326	0.4926E-04	0.957	0.027	0.016
	54.000	142.6	1.345	0.4996E-04	0.957	0.027	0.016
	53.900	142.5	1.364	0.5067E-04	0.957	0.027	0.016
	53.800	142.5	1.383	0.5139E-04	0.957	0.027	0.016
	53.700	142.5	1.402	0.5212E-04	0.957	0.027	0.016
	53.600	142.4	1.422	0.5286E-04	0.957	0.027	0.016
	53.500	142.4	1.442	0.5360E-04	0.957	0.027	0.016
	53.400	142.4	1.462	0.5437E-04	0.957	0.027	0.016
	53.300	142.3	1.482	0.5514E-04	0.957	0.027	0.016
	53.200	142.3	1.503	0.5592E-04	0.957	0.027	0.016
	53.100	142.3	1.524	0.5671E-04	0.957	0.027	0.016
	53.000	142.3	1.545	0.5752E-04	0.957	0.027	0.016
	52.900	142.2	1.567	0.5833E-04	0.957	0.027	0.016
	52.800	142.2	1.589	0.5916E-04	0.957	0.027	0.016
	52.700	142.2	1.611	0.6000E-04	0.957	0.027	0.016
	52.600	142.1	1.633	0.6085E-04	0.957	0.027	0.016
	52.500	142.1	1.656	0.6171E-04	0.957	0.027	0.016
	52.400	142.1	1.679	0.6259E-04	0.957	0.027	0.016
	52.300	142.0	1.703	0.6348E-04	0.957	0.027	0.016
	52.200	142.0	1.727	0.6438E-04	0.957	0.027	0.016
	52.100	142.0	1.751	0.6529E-04	0.957	0.027	0.016
	52.000	142.0	1.775	0.6622E-04	0.957	0.027	0.016
	51.900	141.9	1.800	0.6716E-04	0.957	0.027	0.016
	51.800	141.9	1.825	0.6811E-04	0.957	0.027	0.016
	51.700	141.9	1.851	0.6908E-04	0.957	0.027	0.016
	51.600	141.8	1.877	0.7006E-04	0.957	0.027	0.016
	51.500	141.8	1.903	0.7105E-04	0.957	0.027	0.016
	51.400	141.8	1.930	0.7206E-04	0.957	0.027	0.016
	51.300	141.7	1.956	0.7308E-04	0.957	0.027	0.016
	51.200	141.7	1.984	0.7412E-04	0.957	0.027	0.016
	51.100	141.7	2.012	0.7517E-04	0.957	0.027	0.016
	51.000	141.7	2.040	0.7624E-04	0.957	0.027	0.016
	50.900	141.6	2.068	0.7732E-04	0.957	0.027	0.016
	50.800	141.6	2.097	0.7841E-04	0.957	0.027	0.016
	50.700	141.6	2.126	0.7953E-04	0.957	0.027	0.016
	50.600	141.5	2.156	0.8065E-04	0.957	0.027	0.016
	50.500	141.5	2.186	0.8180E-04	0.957	0.027	0.016
	50.400	141.5	2.217	0.8296E-04	0.957	0.027	0.016
	50.300	141.4	2.248	0.8414E-04	0.957	0.027	0.016
	50.200	141.4	2.279	0.8533E-04	0.957	0.027	0.016
	50.100	141.4	2.311	0.8654E-04	0.957	0.027	0.016
	50.000	141.4	2.343	0.8777E-04	0.957	0.027	0.016
	49.900	141.5	2.376	0.8892E-04	0.957	0.027	0.016
	49.800	141.5	2.409	0.9009E-04	0.957	0.027	0.016
	49.700	141.6	2.442	0.9127E-04	0.957	0.027	0.016
	49.600	141.7	2.476	0.9247E-04	0.957	0.027	0.016
	49.500	141.8	2.510	0.9368E-04	0.957	0.027	0.016
	49.400	141.9	2.545	0.9491E-04	0.957	0.027	0.016
	49.300	142.0	2.580	0.9616E-04	0.957	0.027	0.016
	49.200	142.1	2.615	0.9742E-04	0.957	0.027	0.016
	49.100	142.2	2.651	0.9870E-04	0.957	0.027	0.016
	49.000	142.3	2.688	0.9999E-04	0.957	0.027	0.016
	48.900	142.4	2.725	0.1013E-03	0.957	0.027	0.016
	48.800	142.5	2.763	0.1026E-03	0.957	0.027	0.016
	48.700	142.6	2.801	0.1040E-03	0.957	0.027	0.016
	48.600	142.7	2.840	0.1054E-03	0.957	0.027	0.016
	48.500	142.8	2.879	0.1067E-03	0.957	0.027	0.016
	48.400	142.9	2.919	0.1081E-03	0.957	0.027	0.016
	48.300	143.0	2.959	0.1096E-03	0.957	0.027	0.016
	48.200	143.1	3.000	0.1110E-03	0.957	0.027	0.016
	48.100	143.2	3.041	0.1125E-03	0.957	0.027	0.016
	48.000	143.3	3.083	0.1139E-03	0.957	0.027	0.016
	47.900	143.4	3.126	0.1154E-03	0.957	0.027	0.016
	47.800	143.5	3.169	0.1169E-03	0.957	0.027	0.016
	47.700	143.5	3.213	0.1185E-03	0.957	0.027	0.016
	47.600	143.6	3.257	0.1200E-03	0.957	0.027	0.016
	47.500	143.7	3.302	0.1216E-03	0.957	0.027	0.016
	47.400	143.8	3.348	0.1232E-03	0.957	0.027	0.016
	47.300	143.9	3.394	0.1248E-03	0.957	0.027	0.016
	47.200	144.0	3.441	0.1265E-03	0.957	0.027	0.016
	47.100	144.1	3.488	0.1281E-03	0.957	0.027	0.016
	47.000	144.2	3.537	0.1298E-03	0.957	0.027	0.016
	46.900	144.3	3.586	0.1315E-03	0.957	0.027	0.016
	46.800	144.4	3.635	0.1332E-03	0.957	0.027	0.016
	46.700	144.5	3.685	0.1350E-03	0.957	0.027	0.016
	46.600	144.6	3.736	0.1368E-03	0.957	0.027	0.016
	46.500	144.7	3.788	0.1386E-03	0.957	0.027	0.016
	46.400	144.8	3.840	0.1404E-03	0.957	0.027	0.016
	46.300	144.9	3.893	0.1422E-03	0.957	0.027	0.016
	46.200	145.0	3.947	0.1441E-03	0.957	0.027	0.016
	46.100	145.1	4.001	0.1460E-03	0.957	0.027	0.016
	46.000	145.2	4.057	0.1479E-03	0.957	0.027	0.016
	45.900	145.3	4.113	0.1499E-03	0.957	0.027	0.016
	45.800	145.4	4.170	0.1518E-03	0.957	0.027	0.016
	45.700	145.5	4.227	0.1538E-03	0.957	0.027	0.016
	45.600	145.5	4.285	0.1558E-03	0.957	0.027	0.016
	45.500	145.6	4.345	0.1579E-03	0.957	0.027	0.016
	45.400	145.7	4.405	0.1600E-03	0.957	0.027	0.016
	45.300	145.8	4.466	0.1621E-03	0.957	0.027	0.016
	45.200	145.9	4.527	0.1642E-03	0.957	0.027	0.016
	45.100	146.0	4.590	0.1664E-03	0.957	0.027	0.016
	45.000	146.1	4.653	0.1685E-03	0.957	0.027	0.016
	44.900	146.3	4.714	0.1705E-03	0.957	0.027	0.016
	44.800	146.5	4.776	0.1726E-03	0.957	0.027	0.016
	44.700	146.7	4.839	0.1746E-03	0.957	0.027	0.016
	44.600	146.9	4.903	0.1767E-03	0.957	0.027	0.016
	44.500	147.0	4.968	0.1788E-03	0.957	0.027	0.016
	44.400	147.2	5.033	0.1809E-03	0.957	0.027	0.016
	44.300	147.4	5.099	0.1831E-03	0.957	0.027	0.016
	44.200	147.6	5.166	0.1852E-03	0.957	0.027	0.016
	44.100	147.8	5.234	0.1874E-03	0.957	0.027	0.016
	44.000	148.0	5.303	0.1897E-03	0.957	0.027	0.016
	43.900	148.2	5.373	0.1919E-03	0.957	0.027	0.016
	43.800	148.3	5.444	0.1942E-03	0.957	0.027	0.016
	43.700	148.5	5.516	0.1965E-03	0.957	0.027	0.016
	43.600	148.7	5.588	0.1988E-03	0.957	0.027	0.016
	43.500	148.9	5.662	0.2012E-03	0.957	0.027	0.016
	43.400	149.1	5.736	0.2036E-03	0.957	0.027	0.016
	43.300	149.3	5.812	0.2060E-03	0.957	0.027	0.016
	43.200	149.5	5.888	0.2085E-03	0.957	0.027	0.016
	43.100	149.6	5.966	0.2110E-03	0.957	0.027	0.016
	43.000	149.8	6.044	0.2135E-03	0.957	0.027	0.016
	42.900	150.0	6.124	0.2160E-03	0.957	0.027	0.016
	42.800	150.2	6.204	0.2186E-03	0.957	0.027	0.016
	42.700	150.4	6.286	0.2212E-03	0.957	0.027	0.016
	42.600	150.6	6.369	0.2238E-03	0.957	0.027	0.016
	42.500	150.8	6.453	0.2265E-03	0.957	0.027	0.016
	42.400	150.9	6.538	0.2292E-03	0.957	0.027	0.016
	42.300	151.1	6.624	0.2319E-03	0.957	0.027	0.016
	42.200	151.3	6.711	0.2347E-03	0.957	0.027	0.016
	42.100	151.5	6.799	0.2375E-03	0.957	0.027	0.016
	42.000	151.7	6.889	0.2403E-03	0.957	0.027	0.016
	41.900	151.9	6.979	0.2432E-03	0.957	0.027	0.016
	41.800	152.1	7.071	0.2461E-03	0.957	0.027	0.016
	41.700	152.2	7.164	0.2490E-03	0.957	0.027	0.016
	41.600	152.4	7.259	0.2520E-03	0.957	0.027	0.016
	41.500	152.6	7.354	0.2550E-03	0.957	0.027	0.016
	41.400	152.8	7.451	0.2580E-03	0.957	0.027	0.016
	41.300	153.0	7.549	0.2611E-03	0.957	0.027	0.016
	41.200	153.2	7.649	0.2642E-03	0.957	0.027	0.016
	41.100	153.4	7.749	0.2673E-03	0.957	0.027	0.016
	41.000	153.5	7.851	0.2705E-03	0.957	0.027	0.016
	40.900	153.7	7.955	0.2738E-03	0.957	0.027	0.016
	40.800	153.9	8.059	0.2770E-03	0.957	0.027	0.016
	40.700	154.1	8.165	0.2803E-03	0.957	0.027	0.016
	40.600	154.3	8.273	0.2837E-03	0.957	0.027	0.016
	40.500	154.5	8.382	0.2871E-03	0.957	0.027	0.016
	40.400	154.7	8.492	0.2905E-03	0.957	0.027	0.016
	40.300	154.8	8.604	0.2940E-03	0.957	0.027	0.016
	40.200	155.0	8.717	0.2975E-03	0.957	0.027	0.016
	40.100	155.2	8.832	0.3010E-03	0.957	0.027	0.016
	40.000	155.4	8.948	0.3046E-03	0.957	0.027	0.016
	39.900	155.6	9.059	0.3080E-03	0.957	0.027	0.016
	39.800	155.8	9.170	0.3113E-03	0.957	0.027	0.016
	39.700	156.0	9.284	0.3147E-03	0.957	0.027	0.016
	39.600	156.2	9.398	0.3182E-03	0.957	0.027	0.016
	39.500	156.5	9.514	0.3217E-03	0.957	0.027	0.016
	39.400	156.7	9.631	0.3252E-03	0.957	0.027	0.016
	39.300	156.9	9.750	0.3288E-03	0.957	0.027	0.016
	39.200	157.1	9.870	0.3324E-03	0.957	0.027	0.016
	39.100	157.3	9.992	0.3360E-03	0.957	0.027	0.016
	39.000	157.5	10.12	0.3397E-03	0.957	0.027	0.016
	38.900	157.7	10.24	0.3434E-03	0.957	0.027	0.016
	38.800	158.0	10.37	0.3472E-03	0.957	0.027	0.016
	38.700	158.2	10.49	0.3510E-03	0.957	0.027	0.016
	38.600	158.4	10.62	0.3549E-03	0.957	0.027	0.016
	38.500	158.6	10.75	0.3588E-03	0.957	0.027	0.016
	38.400	158.8	10.89	0.3627E-03	0.957	0.027	0.016
	38.300	159.0	11.02	0.3667E-03	0.957	0.027	0.016
	38.200	159.2	11.16	0.3707E-03	0.957	0.027	0.016
	38.100	159.4	11.30	0.3748E-03	0.957	0.027	0.016
	38.000	159.7	11.43	0.3789E-03	0.957	0.027	0.016
	37.900	159.9	11.58	0.3831E-03	0.957	0.027	0.016
	37.800	160.1	11.72	0.3873E-03	0.957	0.027	0.016
	37.700	160.3	11.86	0.3916E-03	0.957	0.027	0.016
	37.600	160.5	12.01	0.3959E-03	0.957	0.027	0.016
	37.500	160.7	12.16	0.4002E-03	0.957	0.027	0.016
	37.400	160.9	12.31	0.4046E-03	0.957	0.027	0.016
	37.300	161.1	12.46	0.4091E-03	0.957	0.027	0.016
	37.200	161.4	12.61	0.4136E-03	0.957	0.027	0.016
	37.100	161.6	12.77	0.4181E-03	0.957	0.027	0.016
	37.000	161.8	12.93	0.4227E-03	0.957	0.027	0.016
	36.900	162.0	13.09	0.4274E-03	0.957	0.027	0.016
	36.800	162.2	13.25	0.4321E-03	0.957	0.027	0.016
	36.700	162.4	13.41	0.4368E-03	0.957	0.027	0.016
	36.600	162.6	13.58	0.4417E-03	0.957	0.027	0.016
	36.500	162.8	13.74	0.4465E-03	0.957	0.027	0.016
	36.400	163.1	13.91	0.4514E-03	0.957	0.027	0.016
	36.300	163.3	14.08	0.4564E-03	0.957	0.027	0.016
	36.200	163.5	14.26	0.4615E-03	0.957	0.027	0.016
	36.100	163.7	14.43	0.4665E-03	0.957	0.027	0.016
	36.000	163.9	14.61	0.4717E-03	0.957	0.027	0.016
	35.900	164.1	14.79	0.4769E-03	0.957	0.027	0.016
	35.800	164.3	14.97	0.4821E-03	0.957	0.027	0.016
	35.700	164.5	15.16	0.4875E-03	0.957	0.027	0.016
	35.600	164.8	15.35	0.4928E-03	0.957	0.027	0.016
	35.500	165.0	15.54	0.4983E-03	0.957	0.027	0.016
	35.400	165.2	15.73	0.5038E-03	0.957	0.027	0.016
	35.300	165.4	15.92	0.5093E-03	0.957	0.027	0.016
	35.200	165.6	16.12	0.5150E-03	0.957	0.027	0.016
	35.100	165.8	16.32	0.5206E-03	0.957	0.027	0.016
	35.000	166.0	16.52	0.5264E-03	0.957	0.027	0.016
	34.900	166.3	16.71	0.5317E-03	0.957	0.027	0.016
	34.800	166.5	16.90	0.5370E-03	0.957	0.027	0.016
	34.700	166.7	17.10	0.5425E-03	0.957	0.027	0.016
	34.600	167.0	17.29	0.5479E-03	0.957	0.027	0.016
	34.500	167.2	17.49	0.5534E-03	0.957	0.027	0.016
	34.400	167.5	17.69	0.5590E-03	0.957	0.027	0.016
	34.300	167.7	17.90	0.5647E-03	0.957	0.027	0.016
	34.200	167.9	18.10	0.5703E-03	0.957	0.027	0.016
	34.100	168.2	18.31	0.5761E-03	0.957	0.027	0.016
	34.000	168.4	18.52	0.5819E-03	0.957	0.027	0.016
	33.900	168.6	18.74	0.5878E-03	0.957	0.027	0.016
	33.800	168.9	18.95	0.5937E-03	0.957	0.027	0.016
	33.700	169.1	19.17	0.5997E-03	0.957	0.027	0.016
	33.600	169.4	19.39	0.6058E-03	0.957	0.027	0.016
	33.500	169.6	19.61	0.6119E-03	0.957	0.027	0.016
	33.400	169.8	19.84	0.6181E-03	0.957	0.027	0.016
	33.300	170.1	20.07	0.6243E-03	0.957	0.027	0.016
	33.200	170.3	20.30	0.6306E-03	0.957	0.027	0.016
	33.100	170.6	20.53	0.6370E-03	0.957	0.027	0.016
	33.000	170.8	20.77	0.6434E-03	0.957	0.027	0.016
	32.900	171.0	21.01	0.6499E-03	0.957	0.027	0.016
	32.800	171.3	21.25	0.6565E-03	0.957	0.027	0.016
	32.700	171.5	21.50	0.6631E-03	0.957	0.027	0.016
	32.600	171.7	21.74	0.6698E-03	0.957	0.027	0.016
	32.500	172.0	21.99	0.6766E-03	0.957	0.027	0.016
	32.400	172.2	22.25	0.6835E-03	0.957	0.027	0.016
	32.300	172.5	22.50	0.6904E-03	0.957	0.027	0.016
	32.200	172.7	22.76	0.6974E-03	0.957	0.027	0.016
	32.100	172.9	23.02	0.7044E-03	0.957	0.027	0.016
	32.000	173.2	23.29	0.7115E-03	0.957	0.027	0.016
	31.900	173.4	23.56	0.7188E-03	0.957	0.027	0.016
	31.800	173.6	23.83	0.7260E-03	0.957	0.027	0.016
	31.700	173.9	24.10	0.7334E-03	0.957	0.027	0.016
	31.600	174.1	24.38	0.7408E-03	0.957	0.027	0.016
	31.500	174.4	24.66	0.7483E-03	0.957	0.027	0.016
	31.400	174.6	24.95	0.7559E-03	0.957	0.027	0.016
	31.300	174.8	25.23	0.7636E-03	0.957	0.027	0.016
	31.200	175.1	25.52	0.7713E-03	0.957	0.027	0.016
	31.100	175.3	25.82	0.7791E-03	0.957	0.027	0.016
	31.000	175.5	26.11	0.7871E-03	0.957	0.027	0.016
	30.900	175.8	26.42	0.7950E-03	0.957	0.027	0.016
	30.800	176.0	26.72	0.8031E-03	0.957	0.027	0.016
	30.700	176.3	27.03	0.8113E-03	0.957	0.027	0.016
	30.600	176.5	27.34	0.8195E-03	0.957	0.027	0.016
	30.500	176.7	27.65	0.8278E-03	0.957	0.027	0.016
	30.400	177.0	27.97	0.8362E-03	0.957	0.027	0.016
	30.300	177.2	28.29	0.8447E-03	0.957	0.027	0.016
	30.200	177.5	28.62	0.8533E-03	0.957	0.027	0.016
	30.100	177.7	28.95	0.8620E-03	0.957	0.027	0.016
	30.000	177.9	29.28	0.8707E-03	0.957	0.027	0.016
	29.900	178.1	29.60	0.8793E-03	0.957	0.027	0.016
	29.800	178.3	29.92	0.8879E-03	0.957	0.027	0.016
	29.700	178.5	30.25	0.8967E-03	0.957	0.027	0.016
	29.600	178.6	30.57	0.9055E-03	0.957	0.027	0.016
	29.500	178.8	30.91	0.9144E-03	0.957	0.027	0.016
	29.400	179.0	31.24	0.9234E-03	0.957	0.027	0.016
	29.300	179.2	31.58	0.9324E-03	0.957	0.027	0.016
	29.200	179.4	31.92	0.9416E-03	0.957	0.027	0.016
	29.100	179.5	32.27	0.9509E-03	0.957	0.027	0.016
	29.000	179.7	32.62	0.9602E-03	0.957	0.027	0.016
	28.900	179.9	32.97	0.9697E-03	0.957	0.027	0.016
	28.800	180.1	33.33	0.9792E-03	0.957	0.027	0.016
	28.700	180.2	33.69	0.9888E-03	0.957	0.027	0.016
	28.600	180.4	34.06	0.9985E-03	0.957	0.027	0.016
	28.500	180.6	34.43	0.1008E-02	0.957	0.027	0.016
	28.400	180.8	34.80	0.1018E-02	0.957	0.027	0.016
	28.300	181.0	35.18	0.1028E-02	0.957	0.027	0.016
	28.200	181.1	35.56	0.1038E-02	0.957	0.027	0.016
	28.100	181.3	35.94	0.1049E-02	0.957	0.027	0.016
	28.000	181.5	36.33	0.1059E-02	0.957	0.027	0.016
	27.900	181.7	36.73	0.1069E-02	0.957	0.027	0.016
	27.800	181.9	37.13	0.1080E-02	0.957	0.027	0.016
	27.700	182.0	37.53	0.1091E-02	0.957	0.027	0.016
	27.600	182.2	37.94	0.1101E-02	0.957	0.027	0.016
	27.500	182.4	38.35	0.1112E-02	0.957	0.027	0.016
	27.400	182.6	38.76	0.1123E-02	0.957	0.027	0.016
	27.300	182.7	39.18	0.1134E-02	0.957	0.027	0.016
	27.200	182.9	39.61	0.1145E-02	0.957	0.027	0.016
	27.100	183.1	40.04	0.1157E-02	0.957	0.027	0.016
	27.000	183.3	40.47	0.1168E-02	0.957	0.027	0.016
	26.900	183.5	40.91	0.1180E-02	0.957	0.027	0.016
	26.800	183.6	41.35	0.1191E-02	0.957	0.027	0.016
	26.700	183.8	41.80	0.1203E-02	0.957	0.027	0.016
	26.600	184.0	42.26	0.1215E-02	0.957	0.027	0.016
	26.500	184.2	42.71	0.1227E-02	0.957	0.027	0.016
	26.400	184.4	43.18	0.1239E-02	0.957	0.027	0.016
	26.300	184.5	43.65	0.1251E-02	0.957	0.027	0.016
	26.200	184.7	44.12	0.1263E-02	0.957	0.027	0.016
	26.100	184.9	44.60	0.1276E-02	0.957	0.027	0.016
	26.000	185.1	45.08	0.1288E-02	0.957	0.027	0.016
	25.900	185.3	45.57	0.1301E-02	0.957	0.027	0.016
	25.800	185.4	46.06	0.1314E-02	0.957	0.027	0.016
	25.700	185.6	46.56	0.1327E-02	0.957	0.027	0.016
	25.600	185.8	47.07	0.1340E-02	0.957	0.027	0.016
	25.500	186.0	47.58	0.1353E-02	0.957	0.027	0.016
	25.400	186.1	48.10	0.1367E-02	0.957	0.027	0.016
	25.300	186.3	48.62	0.1380E-02	0.957	0.027	0.016
	25.200	186.5	49.14	0.1394E-02	0.957	0.027	0.016
	25.100	186.7	49.68	0.1407E-02	0.957	0.027	0.016
	25.000	186.9	50.22	0.1421E-02	0.957	0.027	0.016
	24.900	187.0	50.74	0.1435E-02	0.957	0.027	0.016
	24.800	187.2	51.26	0.1449E-02	0.957	0.027	0.016
	24.700	187.3	51.80	0.1463E-02	0.957	0.027	0.016
	24.600	187.5	52.33	0.1477E-02	0.957	0.027	0.016
	24.500	187.6	52.88	0.1491E-02	0.957	0.027	0.016
	24.400	187.7	53.42	0.1505E-02	0.957	0.027	0.016
	24.300	187.9	53.98	0.1519E-02	0.957	0.027	0.016
	24.200	188.0	54.54	0.1534E-02	0.957	0.027	0.016
	24.100	188.2	55.10	0.1549E-02	0.957	0.027	0.016
	24.000	188.3	55.68	0.1564E-02	0.957	0.027	0.016
	23.900	188.5	56.25	0.1579E-02	0.957	0.027	0.016
	23.800	188.6	56.84	0.1594E-02	0.957	0.027	0.016
	23.700	188.8	57.43	0.1609E-02	0.957	0.027	0.016
	23.600	188.9	58.02	0.1624E-02	0.957	0.027	0.016
	23.500	189.1	58.62	0.1640E-02	0.957	0.027	0.016
	23.400	189.2	59.23	0.1656E-02	0.957	0.027	0.016
	23.300	189.4	59.85	0.1672E-02	0.957	0.027	0.016
	23.200	189.5	60.47	0.1688E-02	0.957	0.027	0.016
	23.100	189.7	61.09	0.1704E-02	0.957	0.027	0.016
	23.000	189.8	61.73	0.1720E-02	0.957	0.027	0.016
	22.900	190.0	62.37	0.1737E-02	0.957	0.027	0.016
	22.800	190.1	63.02	0.1753E-02	0.957	0.027	0.016
	22.700	190.3	63.67	0.1770E-02	0.957	0.027	0.016
	22.600	190.4	64.33	0.1787E-02	0.957	0.027	0.016
	22.500	190.6	65.00	0.1804E-02	0.957	0.027	0.016
	22.400	190.7	65.67	0.1821E-02	0.957	0.027	0.016
	22.300	190.9	66.35	0.1839E-02	0.957	0.027	0.016
	22.200	191.0	67.04	0.1857E-02	0.957	0.027	0.016
	22.100	191.2	67.74	0.1874E-02	0.957	0.027	0.016
	22.000	191.3	68.44	0.1892E-02	0.957	0.027	0.016
	21.900	191.5	69.15	0.1911E-02	0.957	0.027	0.016
	21.800	191.6	69.87	0.1929E-02	0.957	0.027	0.016
	21.700	191.8	70.59	0.1947E-02	0.957	0.027	0.016
	21.600	191.9	71.32	0.1966E-02	0.957	0.027	0.016
	21.500	192.1	72.06	0.1985E-02	0.957	0.027	0.016
	21.400	192.2	72.81	0.2004E-02	0.957	0.027	0.016
	21.300	192.4	73.57	0.2023E-02	0.957	0.027	0.016
	21.200	192.5	74.33	0.2043E-02	0.957	0.027	0.016
	21.100	192.7	75.10	0.2062E-02	0.957	0.027	0.016
	21.000	192.8	75.88	0.2082E-02	0.957	0.027	0.016
	20.900	192.9	76.67	0.2102E-02	0.957	0.027	0.016
	20.800	193.1	77.46	0.2122E-02	0.957	0.027	0.016
	20.700	193.2	78.26	0.2143E-02	0.957	0.027	0.016
	20.600	193.4	79.08	0.2163E-02	0.957	0.027	0.016
	20.500	193.5	79.90	0.2184E-02	0.957	0.027	0.016
	20.400	193.7	80.73	0.2205E-02	0.957	0.027	0.016
	20.300	193.8	81.56	0.2226E-02	0.957	0.027	0.016
	20.200	194.0	82.41	0.2248E-02	0.957	0.027	0.016
	20.100	194.1	83.26	0.2269E-02	0.957	0.027	0.016
	20.000	194.3	84.13	0.2291E-02	0.957	0.027	0.016
	19.900	194.4	84.97	0.2313E-02	0.957	0.027	0.016
	19.800	194.5	85.82	0.2334E-02	0.957	0.027	0.016
	19.700	194.6	86.69	0.2356E-02	0.957	0.027	0.016
	19.600	194.7	87.56	0.2379E-02	0.957	0.027	0.016
	19.500	194.9	88.43	0.2401E-02	0.957	0.027	0.016
	19.400	195.0	89.32	0.2424E-02	0.957	0.027	0.016
	19.300	195.1	90.22	0.2447E-02	0.957	0.027	0.016
	19.200	195.2	91.12	0.2470E-02	0.957	0.027	0.016
	19.100	195.3	92.04	0.2493E-02	0.957	0.027	0.016
	19.000	195.4	92.96	0.2517E-02	0.957	0.027	0.016
	18.900	195.5	93.89	0.2540E-02	0.957	0.027	0.016
	18.800	195.7	94.83	0.2564E-02	0.957	0.027	0.016
	18.700	195.8	95.79	0.2588E-02	0.957	0.027	0.016
	18.600	195.9	96.75	0.2613E-02	0.957	0.027	0.016
	18.500	196.0	97.72	0.2638E-02	0.957	0.027	0.016
	18.400	196.1	98.70	0.2662E-02	0.957	0.027	0.016
	18.300	196.2	99.69	0.2688E-02	0.957	0.027	0.016
	18.200	196.4	100.7	0.2713E-02	0.957	0.027	0.016
	18.100	196.5	101.7	0.2739E-02	0.957	0.027	0.016
	18.000	196.6	102.7	0.2764E-02	0.957	0.027	0.016
	17.900	196.7	103.8	0.2791E-02	0.957	0.027	0.016
	17.800	196.8	104.8	0.2817E-02	0.957	0.027	0.016
	17.700	196.9	105.8	0.2844E-02	0.957	0.027	0.016
	17.600	197.0	106.9	0.2870E-02	0.957	0.027	0.016
	17.500	197.2	108.0	0.2898E-02	0.957	0.027	0.016
	17.400	197.3	109.1	0.2925E-02	0.957	0.027	0.016
	17.300	197.4	110.2	0.2953E-02	0.957	0.027	0.016
	17.200	197.5	111.3	0.2980E-02	0.957	0.027	0.016
	17.100	197.6	112.4	0.3009E-02	0.957	0.027	0.016
	17.000	197.7	113.5	0.3037E-02	0.957	0.027	0.016
	16.900	197.8	114.6	0.3066E-02	0.957	0.027	0.016
	16.800	198.0	115.8	0.3095E-02	0.957	0.027	0.016
	16.700	198.1	117.0	0.3124E-02	0.957	0.027	0.016
	16.600	198.2	118.1	0.3153E-02	0.957	0.027	0.016
	16.500	198.3	119.3	0.3183E-02	0.957	0.027	0.016
	16.400	198.4	120.5	0.3213E-02	0.957	0.027	0.016
	16.300	198.5	121.7	0.3244E-02	0.957	0.027	0.016
	16.200	198.7	122.9	0.3274E-02	0.957	0.027	0.016
	16.100	198.8	124.2	0.3305E-02	0.957	0.027	0.016
	16.000	198.9	125.4	0.3336E-02	0.957	0.027	0.016
	15.900	199.0	126.7	0.3368E-02	0.957	0.027	0.016
	15.800	199.1	127.9	0.3400E-02	0.957	0.027	0.016
	15.700	199.2	129.2	0.3432E-02	0.957	0.027	0.016
	15.600	199.3	130.5	0.3464E-02	0.957	0.027	0.016
	15.500	199.5	131.8	0.3497E-02	0.957	0.027	0.016
	15.400	199.6	133.2	0.3530E-02	0.957	0.027	0.016
	15.300	199.7	134.5	0.3564E-02	0.957	0.027	0.016
	15.200	199.8	135.8	0.3597E-02	0.957	0.027	0.016
	15.100	199.9	137.2	0.3631E-02	0.957	0.027	0.016
	15.000	200.0	138.6	0.3666E-02	0.957	0.027	0.016
	14.900	200.1	139.9	0.3700E-02	0.957	0.027	0.016
	14.800	200.2	141.3	0.3736E-02	0.957	0.027	0.016
	14.700	200.2	142.7	0.3771E-02	0.957	0.027	0.016
	14.600	200.3	144.1	0.3807E-02	0.957	0.027	0.016
	14.500	200.3	145.5	0.3843E-02	0.957	0.027	0.016
	14.400	200.4	147.0	0.3880E-02	0.957	0.027	0.016
	14.300	200.5	148.4	0.3917E-02	0.957	0.027	0.016
	14.200	200.5	149.8	0.3954E-02	0.957	0.027	0.016
	14.100	200.6	151.3	0.3991E-02	0.957	0.027	0.016
	14.000	200.6	152.8	0.4029E-02	0.957	0.027	0.016
	13.900	200.7	154.3	0.4068E-02	0.957	0.027	0.016
	13.800	200.8	155.8	0.4106E-02	0.957	0.027	0.016
	13.700	200.8	157.3	0.4145E-02	0.957	0.027	0.016
	13.600	200.9	158.9	0.4185E-02	0.957	0.027	0.016
	13.500	200.9	160.5	0.4225E-02	0.957	0.027	0.016
	13.400	201.0	162.0	0.4265E-02	0.957	0.027	0.016
	13.300	201.1	163.6	0.4305E-02	0.957	0.027	0.016
	13.200	201.1	165.2	0.4346E-02	0.957	0.027	0.016
	13.100	201.2	166.8	0.4388E-02	0.957	0.027	0.016
	13.000	201.2	168.5	0.4429E-02	0.957	0.027	0.016
	12.900	201.3	170.1	0.4471E-02	0.957	0.027	0.016
	12.800	201.4	171.8	0.4514E-02	0.957	0.027	0.016
	12.700	201.4	173.5	0.4557E-02	0.957	0.027	0.016
	12.600	201.5	175.2	0.4600E-02	0.957	0.027	0.016
	12.500	201.6	176.9	0.4644E-02	0.957	0.027	0.016
	12.400	201.6	178.6	0.4688E-02	0.957	0.027	0.016
	12.300	201.7	180.4	0.4733E-02	0.957	0.027	0.016
	12.200	201.7	182.2	0.4778E-02	0.957	0.027	0.016
	12.100	201.8	184.0	0.4823E-02	0.957	0.027	0.016
	12.000	201.9	185.8	0.4869E-02	0.957	0.027	0.016
	11.900	201.9	187.6	0.4915E-02	0.957	0.027	0.016
	11.800	202.0	189.4	0.4962E-02	0.957	0.027	0.016
	11.700	202.0	191.3	0.5009E-02	0.957	0.027	0.016
	11.600	202.1	193.2	0.5057E-02	0.957	0.027	0.016
	11.500	202.2	195.1	0.5105E-02	0.957	0.027	0.016
	11.400	202.2	197.0	0.5154E-02	0.957	0.027	0.016
	11.300	202.3	198.9	0.5203E-02	0.957	0.027	0.016
	11.200	202.3	200.9	0.5252E-02	0.957	0.027	0.016
	11.100	202.4	202.8	0.5302E-02	0.957	0.027	0.016
	11.000	202.5	204.8	0.5353E-02	0.957	0.027	0.016
	10.900	202.5	206.8	0.5403E-02	0.957	0.027	0.016
	10.800	202.6	208.9	0.5455E-02	0.957	0.027	0.016
	10.700	202.6	210.9	0.5507E-02	0.957	0.027	0.016
	10.600	202.7	213.0	0.5559E-02	0.957	0.027	0.016
	10.500	202.8	215.1	0.5612E-02	0.957	0.027	0.016
	10.400	202.8	217.2	0.5665E-02	0.957	0.027	0.016
	10.300	202.9	219.3	0.5719E-02	0.957	0.027	0.016
	10.200	202.9	221.5	0.5774E-02	0.957	0.027	0.016
	10.100	203.0	223.6	0.5829E-02	0.957	0.027	0.016
	10.000	203.1	225.8	0.5884E-02	0.957	0.027	0.016
	9.9000	203.0	228.0	0.5943E-02	0.957	0.027	0.016
	9.8000	203.0	230.3	0.6003E-02	0.957	0.027	0.016
	9.7000	202.9	232.5	0.6063E-02	0.957	0.027	0.016
	9.6000	202.9	234.8	0.6124E-02	0.957	0.027	0.016
	9.5000	202.8	237.1	0.6185E-02	0.957	0.027	0.016
	9.4000	202.8	239.4	0.6247E-02	0.957	0.027	0.016
	9.3000	202.7	241.8	0.6310E-02	0.957	0.027	0.016
	9.2000	202.7	244.1	0.6373E-02	0.957	0.027	0.016
	9.1000	202.6	246.5	0.6437E-02	0.957	0.027	0.016
	9.0000	202.6	248.9	0.6501E-02	0.957	0.027	0.016
	8.9000	202.5	251.4	0.6567E-02	0.957	0.027	0.016
	8.8000	202.5	253.8	0.6632E-02	0.957	0.027	0.016
	8.7000	202.4	256.3	0.6699E-02	0.957	0.027	0.016
	8.6000	202.4	258.8	0.6766E-02	0.957	0.027	0.016
	8.5000	202.4	261.4	0.6834E-02	0.957	0.027	0.016
	8.4000	202.3	263.9	0.6902E-02	0.957	0.027	0.016
	8.3000	202.3	266.5	0.6972E-02	0.957	0.027	0.016
	8.2000	202.2	269.1	0.7042E-02	0.957	0.027	0.016
	8.1000	202.2	271.8	0.7112E-02	0.957	0.027	0.016
	8.0000	202.1	274.4	0.7184E-02	0.957	0.027	0.016
	7.9000	202.1	277.1	0.7256E-02	0.957	0.027	0.016
	7.8000	202.0	279.8	0.7328E-02	0.957	0.027	0.016
	7.7000	202.0	282.5	0.7402E-02	0.957	0.027	0.016
	7.6000	201.9	285.3	0.7476E-02	0.957	0.027	0.016
	7.5000	201.9	288.1	0.7551E-02	0.957	0.027	0.016
	7.4000	201.8	290.9	0.7627E-02	0.957	0.027	0.016
	7.3000	201.8	293.8	0.7703E-02	0.957	0.027	0.016
	7.2000	201.7	296.7	0.7781E-02	0.957	0.027	0.016
	7.1000	201.7	299.6	0.7859E-02	0.957	0.027	0.016
	7.0000	201.6	302.5	0.7937E-02	0.957	0.027	0.016
	6.9000	201.6	305.4	0.8017E-02	0.957	0.027	0.016
	6.8000	201.5	308.4	0.8097E-02	0.957	0.027	0.016
	6.7000	201.5	311.5	0.8179E-02	0.957	0.027	0.016
	6.6000	201.4	314.5	0.8261E-02	0.957	0.027	0.016
	6.5000	201.4	317.6	0.8343E-02	0.957	0.027	0.016
	6.4000	201.3	320.7	0.8427E-02	0.957	0.027	0.016
	6.3000	201.3	323.8	0.8512E-02	0.957	0.027	0.016
	6.2000	201.3	327.0	0.8597E-02	0.957	0.027	0.016
	6.1000	201.2	330.2	0.8683E-02	0.957	0.027	0.016
	6.0000	201.2	333.4	0.8770E-02	0.957	0.027	0.016
	5.9000	201.1	336.7	0.8858E-02	0.957	0.027	0.016
	5.8000	201.1	340.0	0.8947E-02	0.957	0.027	0.016
	5.7000	201.0	343.3	0.9037E-02	0.957	0.027	0.016
	5.6000	201.0	346.7	0.9127E-02	0.957	0.027	0.016
	5.5000	200.9	350.1	0.9219E-02	0.957	0.027	0.016
	5.4000	200.9	353.5	0.9311E-02	0.957	0.027	0.016
	5.3000	200.8	357.0	0.9405E-02	0.957	0.027	0.016
	5.2000	200.8	360.5	0.9499E-02	0.957	0.027	0.016
	5.1000	200.7	364.0	0.9594E-02	0.957	0.027	0.016
	5.0000	200.7	367.6	0.9691E-02	0.957	0.027	0.016
	4.9000	200.5	371.2	0.9798E-02	0.957	0.027	0.016
	4.8000	200.3	375.0	0.9906E-02	0.957	0.027	0.016
	4.7000	200.1	378.7	0.1002E-01	0.957	0.027	0.016
	4.6000	199.9	382.5	0.1013E-01	0.957	0.027	0.016
	4.5000	199.7	386.4	0.1024E-01	0.957	0.027	0.016
	4.4000	199.5	390.2	0.1035E-01	0.957	0.027	0.016
	4.3000	199.3	394.1	0.1047E-01	0.957	0.027	0.016
	4.2000	199.0	398.1	0.1058E-01	0.957	0.027	0.016
	4.1000	198.8	402.1	0.1070E-01	0.957	0.027	0.016
	4.0000	198.6	406.1	0.1082E-01	0.957	0.027	0.016
	3.9000	198.4	410.2	0.1094E-01	0.957	0.027	0.016
	3.8000	198.2	414.3	0.1106E-01	0.957	0.027	0.016
	3.7000	198.0	418.5	0.1118E-01	0.957	0.027	0.016
	3.6000	197.8	422.7	0.1131E-01	0.957	0.027	0.016
	3.5000	197.6	426.9	0.1143E-01	0.957	0.027	0.016
	3.4000	197.4	431.2	0.1156E-01	0.957	0.027	0.016
	3.3000	197.2	435.5	0.1169E-01	0.957	0.027	0.016
	3.2000	197.0	439.9	0.1182E-01	0.957	0.027	0.016
	3.1000	196.8	444.3	0.1195E-01	0.957	0.027	0.016
	3.0000	196.6	448.7	0.1208E-01	0.957	0.027	0.016
	2.9000	196.4	453.3	0.1221E-01	0.957	0.027	0.016
	2.8000	196.2	457.8	0.1235E-01	0.957	0.027	0.016
	2.7000	196.0	462.4	0.1248E-01	0.957	0.027	0.016
	2.6000	195.8	467.0	0.1262E-01	0.957	0.027	0.016
	2.5000	195.6	471.7	0.1276E-01	0.957	0.027	0.016
	2.4000	195.4	476.4	0.1290E-01	0.957	0.027	0.016
	2.3000	195.2	481.2	0.1305E-01	0.957	0.027	0.016
	2.2000	195.0	486.0	0.1319E-01	0.957	0.027	0.016
	2.1000	194.8	490.9	0.1334E-01	0.957	0.027	0.016
	2.0000	194.6	495.8	0.1349E-01	0.957	0.027	0.016
	1.9000	194.4	500.8	0.1364E-01	0.957	0.027	0.016
	1.8000	194.1	505.8	0.1379E-01	0.957	0.027	0.016
	1.7000	193.9	510.9	0.1394E-01	0.957	0.027	0.016
	1.6000	193.7	516.0	0.1410E-01	0.957	0.027	0.016
	1.5000	193.5	521.2	0.1425E-01	0.957	0.027	0.016
	1.4000	193.3	526.4	0.1441E-01	0.957	0.027	0.016
	1.3000	193.1	531.7	0.1457E-01	0.957	0.027	0.016
	1.2000	192.9	537.1	0.1473E-01	0.957	0.027	0.016
	1.1000	192.7	542.4	0.1490E-01	0.957	0.027	0.016
	1.0000	192.5	547.9	0.1506E-01	0.957	0.027	0.016
	0.90000	192.3	553.4	0.1523E-01	0.957	0.027	0.016
	0.80000	192.1	558.9	0.1540E-01	0.957	0.027	0.016
	0.70000	191.9	564.5	0.1557E-01	0.957	0.027	0.016
	0.60000	191.7	570.2	0.1574E-01	0.957	0.027	0.016
	0.50000	191.5	575.9	0.1592E-01	0.957	0.027	0.016
	0.40000	191.3	581.7	0.1609E-01	0.957	0.027	0.016
	0.30000	191.1	587.5	0.1627E-01	0.957	0.027	0.016
	0.20000	190.9	593.4	0.1645E-01	0.957	0.027	0.016
	0.10000	190.7	599.4	0.1664E-01	0.957	0.027	0.016
	0.18626E-05	190.5	605.4	0.1682E-01	0.957	0.027	0.016
	-0.99998E-01	189.9	611.5	0.1704E-01	0.957	0.027	0.016
	-0.20000	189.4	617.6	0.1726E-01	0.957	0.027	0.016
	-0.30000	188.8	623.8	0.1749E-01	0.957	0.027	0.016
	-0.40000	188.2	630.0	0.1772E-01	0.957	0.027	0.016
	-0.50000	187.7	636.4	0.1795E-01	0.957	0.027	0.016
	-0.60000	187.1	642.7	0.1818E-01	0.957	0.027	0.016
	-0.70000	186.5	649.2	0.1842E-01	0.957	0.027	0.016
	-0.80000	186.0	655.7	0.1866E-01	0.957	0.027	0.016
	-0.90000	185.4	662.3	0.1890E-01	0.957	0.027	0.016
	-1.00000	184.9	668.9	0.1915E-01	0.957	0.027	0.016
	-1.1000	184.3	675.6	0.1940E-01	0.957	0.027	0.016
	-1.2000	183.7	682.4	0.1966E-01	0.957	0.027	0.016
	-1.3000	183.2	689.2	0.1992E-01	0.957	0.027	0.016
	-1.4000	182.6	696.2	0.2018E-01	0.957	0.027	0.016
	-1.5000	182.0	703.1	0.2044E-01	0.957	0.027	0.016
	-1.6000	181.5	710.2	0.2071E-01	0.957	0.027	0.016
	-1.7000	180.9	717.3	0.2098E-01	0.957	0.027	0.016
	-1.8000	180.4	724.5	0.2126E-01	0.957	0.027	0.016
	-1.9000	179.8	731.8	0.2154E-01	0.957	0.027	0.016
	-2.0000	179.2	739.1	0.2183E-01	0.957	0.027	0.016
	-2.1000	178.7	746.5	0.2211E-01	0.957	0.027	0.016
	-2.2000	178.1	754.0	0.2241E-01	0.957	0.027	0.016
	-2.3000	177.5	761.6	0.2270E-01	0.957	0.027	0.016
	-2.4000	177.0	769.2	0.2300E-01	0.957	0.027	0.016
	-2.5000	176.4	776.9	0.2331E-01	0.957	0.027	0.016
	-2.6000	175.9	784.7	0.2362E-01	0.957	0.027	0.016
	-2.7000	175.3	792.6	0.2393E-01	0.957	0.027	0.016
	-2.8000	174.7	800.5	0.2425E-01	0.957	0.027	0.016
	-2.9000	174.2	808.6	0.2457E-01	0.957	0.027	0.016
	-3.0000	173.6	816.7	0.2490E-01	0.957	0.027	0.016
	-3.1000	173.0	824.9	0.2523E-01	0.957	0.027	0.016
	-3.2000	172.5	833.1	0.2557E-01	0.957	0.027	0.016
	-3.3000	171.9	841.5	0.2591E-01	0.957	0.027	0.016
	-3.4000	171.4	849.9	0.2625E-01	0.957	0.027	0.016
	-3.5000	170.8	858.5	0.2660E-01	0.957	0.027	0.016
	-3.6000	170.2	867.1	0.2696E-01	0.957	0.027	0.016
	-3.7000	169.7	875.8	0.2732E-01	0.957	0.027	0.016
	-3.8000	169.1	884.6	0.2768E-01	0.957	0.027	0.016
	-3.9000	168.5	893.4	0.2806E-01	0.957	0.027	0.016
	-4.0000	168.0	902.4	0.2843E-01	0.957	0.027	0.016

