\comments
	 Dayly averaged Mars atmospheric profiles computed with MarsGram2001 
	date :	2000/1/1 12:0:0
	ground altitude :	1.701 km
	latitude :	-45
	longitude :	180
\definition
	 \type_of_composition{mass_composition}
	 \mass_density_unit{kg/m3}
	 \pressure_unit{Pa}
	 \altitude_unit{km}
	 \ground_altitude{1.701}
	 \top_altitude{90}
\data
	altitude	temperature	pressure	density	CO2	N2	Ar
	89.899	130.1	0.1442E-01	0.5520E-06	0.957	0.027	0.016
	89.799	130.2	0.1463E-01	0.5596E-06	0.957	0.027	0.016
	89.699	130.3	0.1484E-01	0.5673E-06	0.957	0.027	0.016
	89.599	130.3	0.1505E-01	0.5751E-06	0.957	0.027	0.016
	89.499	130.4	0.1526E-01	0.5830E-06	0.957	0.027	0.016
	89.399	130.4	0.1548E-01	0.5910E-06	0.957	0.027	0.016
	89.299	130.5	0.1569E-01	0.5992E-06	0.957	0.027	0.016
	89.199	130.5	0.1592E-01	0.6074E-06	0.957	0.027	0.016
	89.099	130.6	0.1614E-01	0.6158E-06	0.957	0.027	0.016
	88.999	130.6	0.1637E-01	0.6242E-06	0.957	0.027	0.016
	88.899	130.7	0.1660E-01	0.6328E-06	0.957	0.027	0.016
	88.799	130.7	0.1684E-01	0.6415E-06	0.957	0.027	0.016
	88.699	130.8	0.1708E-01	0.6504E-06	0.957	0.027	0.016
	88.599	130.9	0.1732E-01	0.6593E-06	0.957	0.027	0.016
	88.499	130.9	0.1756E-01	0.6684E-06	0.957	0.027	0.016
	88.399	131.0	0.1781E-01	0.6776E-06	0.957	0.027	0.016
	88.299	131.0	0.1807E-01	0.6869E-06	0.957	0.027	0.016
	88.199	131.1	0.1832E-01	0.6964E-06	0.957	0.027	0.016
	88.099	131.1	0.1858E-01	0.7060E-06	0.957	0.027	0.016
	87.999	131.2	0.1885E-01	0.7157E-06	0.957	0.027	0.016
	87.899	131.2	0.1911E-01	0.7255E-06	0.957	0.027	0.016
	87.799	131.3	0.1938E-01	0.7355E-06	0.957	0.027	0.016
	87.699	131.4	0.1966E-01	0.7456E-06	0.957	0.027	0.016
	87.599	131.4	0.1993E-01	0.7555E-06	0.957	0.027	0.016
	87.499	131.5	0.2020E-01	0.7656E-06	0.957	0.027	0.016
	87.399	131.6	0.2048E-01	0.7759E-06	0.957	0.027	0.016
	87.299	131.6	0.2077E-01	0.7862E-06	0.957	0.027	0.016
	87.199	131.7	0.2106E-01	0.7968E-06	0.957	0.027	0.016
	87.099	131.7	0.2135E-01	0.8074E-06	0.957	0.027	0.016
	86.999	131.8	0.2164E-01	0.8182E-06	0.957	0.027	0.016
	86.899	131.9	0.2194E-01	0.8291E-06	0.957	0.027	0.016
	86.799	131.9	0.2225E-01	0.8402E-06	0.957	0.027	0.016
	86.699	132.0	0.2256E-01	0.8514E-06	0.957	0.027	0.016
	86.599	132.1	0.2287E-01	0.8628E-06	0.957	0.027	0.016
	86.499	132.1	0.2318E-01	0.8744E-06	0.957	0.027	0.016
	86.399	132.2	0.2351E-01	0.8860E-06	0.957	0.027	0.016
	86.299	132.3	0.2383E-01	0.8979E-06	0.957	0.027	0.016
	86.199	132.3	0.2416E-01	0.9099E-06	0.957	0.027	0.016
	86.099	132.4	0.2450E-01	0.9221E-06	0.957	0.027	0.016
	85.999	132.4	0.2483E-01	0.9344E-06	0.957	0.027	0.016
	85.899	132.5	0.2518E-01	0.9469E-06	0.957	0.027	0.016
	85.799	132.6	0.2553E-01	0.9595E-06	0.957	0.027	0.016
	85.699	132.6	0.2588E-01	0.9724E-06	0.957	0.027	0.016
	85.599	132.7	0.2624E-01	0.9854E-06	0.957	0.027	0.016
	85.499	132.8	0.2660E-01	0.9985E-06	0.957	0.027	0.016
	85.399	132.8	0.2697E-01	0.1012E-05	0.957	0.027	0.016
	85.299	132.9	0.2735E-01	0.1025E-05	0.957	0.027	0.016
	85.199	133.0	0.2772E-01	0.1039E-05	0.957	0.027	0.016
	85.099	133.0	0.2811E-01	0.1053E-05	0.957	0.027	0.016
	84.999	133.1	0.2850E-01	0.1067E-05	0.957	0.027	0.016
	84.899	133.1	0.2889E-01	0.1081E-05	0.957	0.027	0.016
	84.799	133.2	0.2929E-01	0.1096E-05	0.957	0.027	0.016
	84.699	133.3	0.2970E-01	0.1110E-05	0.957	0.027	0.016
	84.599	133.3	0.3011E-01	0.1125E-05	0.957	0.027	0.016
	84.499	133.4	0.3053E-01	0.1140E-05	0.957	0.027	0.016
	84.399	133.5	0.3095E-01	0.1156E-05	0.957	0.027	0.016
	84.299	133.5	0.3138E-01	0.1171E-05	0.957	0.027	0.016
	84.199	133.6	0.3181E-01	0.1187E-05	0.957	0.027	0.016
	84.099	133.7	0.3225E-01	0.1203E-05	0.957	0.027	0.016
	83.999	133.7	0.3270E-01	0.1219E-05	0.957	0.027	0.016
	83.899	133.8	0.3315E-01	0.1235E-05	0.957	0.027	0.016
	83.799	133.9	0.3361E-01	0.1251E-05	0.957	0.027	0.016
	83.699	133.9	0.3408E-01	0.1268E-05	0.957	0.027	0.016
	83.599	134.0	0.3455E-01	0.1285E-05	0.957	0.027	0.016
	83.499	134.0	0.3503E-01	0.1302E-05	0.957	0.027	0.016
	83.399	134.1	0.3551E-01	0.1320E-05	0.957	0.027	0.016
	83.299	134.2	0.3601E-01	0.1337E-05	0.957	0.027	0.016
	83.199	134.2	0.3650E-01	0.1355E-05	0.957	0.027	0.016
	83.099	134.3	0.3701E-01	0.1373E-05	0.957	0.027	0.016
	82.999	134.4	0.3752E-01	0.1392E-05	0.957	0.027	0.016
	82.899	134.4	0.3804E-01	0.1410E-05	0.957	0.027	0.016
	82.799	134.5	0.3857E-01	0.1429E-05	0.957	0.027	0.016
	82.699	134.6	0.3910E-01	0.1448E-05	0.957	0.027	0.016
	82.599	134.6	0.3963E-01	0.1467E-05	0.957	0.027	0.016
	82.499	134.7	0.4017E-01	0.1486E-05	0.957	0.027	0.016
	82.399	134.7	0.4071E-01	0.1506E-05	0.957	0.027	0.016
	82.299	134.8	0.4126E-01	0.1526E-05	0.957	0.027	0.016
	82.199	134.9	0.4182E-01	0.1546E-05	0.957	0.027	0.016
	82.099	134.9	0.4239E-01	0.1566E-05	0.957	0.027	0.016
	81.999	135.0	0.4296E-01	0.1586E-05	0.957	0.027	0.016
	81.899	135.0	0.4354E-01	0.1607E-05	0.957	0.027	0.016
	81.799	135.1	0.4413E-01	0.1628E-05	0.957	0.027	0.016
	81.699	135.2	0.4473E-01	0.1649E-05	0.957	0.027	0.016
	81.599	135.2	0.4534E-01	0.1671E-05	0.957	0.027	0.016
	81.499	135.3	0.4595E-01	0.1693E-05	0.957	0.027	0.016
	81.399	135.4	0.4657E-01	0.1715E-05	0.957	0.027	0.016
	81.299	135.4	0.4720E-01	0.1737E-05	0.957	0.027	0.016
	81.199	135.5	0.4784E-01	0.1760E-05	0.957	0.027	0.016
	81.099	135.5	0.4849E-01	0.1783E-05	0.957	0.027	0.016
	80.999	135.6	0.4915E-01	0.1806E-05	0.957	0.027	0.016
	80.899	135.7	0.4981E-01	0.1830E-05	0.957	0.027	0.016
	80.799	135.7	0.5049E-01	0.1854E-05	0.957	0.027	0.016
	80.699	135.8	0.5117E-01	0.1878E-05	0.957	0.027	0.016
	80.599	135.8	0.5187E-01	0.1903E-05	0.957	0.027	0.016
	80.499	135.9	0.5257E-01	0.1928E-05	0.957	0.027	0.016
	80.399	136.0	0.5328E-01	0.1953E-05	0.957	0.027	0.016
	80.299	136.0	0.5400E-01	0.1979E-05	0.957	0.027	0.016
	80.199	136.1	0.5473E-01	0.2004E-05	0.957	0.027	0.016
	80.099	136.2	0.5547E-01	0.2031E-05	0.957	0.027	0.016
	79.999	136.2	0.5623E-01	0.2057E-05	0.957	0.027	0.016
	79.899	136.3	0.5699E-01	0.2084E-05	0.957	0.027	0.016
	79.799	136.3	0.5776E-01	0.2111E-05	0.957	0.027	0.016
	79.699	136.4	0.5854E-01	0.2139E-05	0.957	0.027	0.016
	79.599	136.5	0.5933E-01	0.2167E-05	0.957	0.027	0.016
	79.499	136.5	0.6014E-01	0.2195E-05	0.957	0.027	0.016
	79.399	136.6	0.6095E-01	0.2224E-05	0.957	0.027	0.016
	79.299	136.7	0.6178E-01	0.2253E-05	0.957	0.027	0.016
	79.199	136.7	0.6261E-01	0.2283E-05	0.957	0.027	0.016
	79.099	136.8	0.6346E-01	0.2313E-05	0.957	0.027	0.016
	78.999	136.8	0.6432E-01	0.2343E-05	0.957	0.027	0.016
	78.899	136.9	0.6519E-01	0.2374E-05	0.957	0.027	0.016
	78.799	137.0	0.6608E-01	0.2405E-05	0.957	0.027	0.016
	78.699	137.0	0.6697E-01	0.2436E-05	0.957	0.027	0.016
	78.599	137.1	0.6788E-01	0.2468E-05	0.957	0.027	0.016
	78.499	137.1	0.6880E-01	0.2500E-05	0.957	0.027	0.016
	78.399	137.2	0.6973E-01	0.2533E-05	0.957	0.027	0.016
	78.299	137.3	0.7067E-01	0.2566E-05	0.957	0.027	0.016
	78.199	137.3	0.7163E-01	0.2600E-05	0.957	0.027	0.016
	78.099	137.4	0.7260E-01	0.2634E-05	0.957	0.027	0.016
	77.999	137.5	0.7358E-01	0.2668E-05	0.957	0.027	0.016
	77.899	137.5	0.7458E-01	0.2703E-05	0.957	0.027	0.016
	77.799	137.6	0.7559E-01	0.2739E-05	0.957	0.027	0.016
	77.699	137.7	0.7665E-01	0.2777E-05	0.957	0.027	0.016
	77.599	137.8	0.7787E-01	0.2824E-05	0.957	0.027	0.016
	77.499	138.0	0.7910E-01	0.2872E-05	0.957	0.027	0.016
	77.399	138.1	0.8036E-01	0.2921E-05	0.957	0.027	0.016
	77.299	138.3	0.8163E-01	0.2971E-05	0.957	0.027	0.016
	77.199	138.4	0.8293E-01	0.3021E-05	0.957	0.027	0.016
	77.099	138.6	0.8424E-01	0.3073E-05	0.957	0.027	0.016
	76.999	138.7	0.8558E-01	0.3125E-05	0.957	0.027	0.016
	76.899	138.9	0.8694E-01	0.3178E-05	0.957	0.027	0.016
	76.799	139.0	0.8832E-01	0.3232E-05	0.957	0.027	0.016
	76.699	139.2	0.8972E-01	0.3287E-05	0.957	0.027	0.016
	76.599	139.4	0.9114E-01	0.3344E-05	0.957	0.027	0.016
	76.499	139.5	0.9259E-01	0.3401E-05	0.957	0.027	0.016
	76.399	139.7	0.9406E-01	0.3459E-05	0.957	0.027	0.016
	76.299	139.8	0.9555E-01	0.3518E-05	0.957	0.027	0.016
	76.199	140.0	0.9707E-01	0.3578E-05	0.957	0.027	0.016
	76.099	140.1	0.9861E-01	0.3639E-05	0.957	0.027	0.016
	75.999	140.3	0.1002	0.3701E-05	0.957	0.027	0.016
	75.899	140.4	0.1018	0.3765E-05	0.957	0.027	0.016
	75.799	140.6	0.1034	0.3829E-05	0.957	0.027	0.016
	75.699	140.7	0.1050	0.3894E-05	0.957	0.027	0.016
	75.599	140.9	0.1067	0.3961E-05	0.957	0.027	0.016
	75.499	141.0	0.1084	0.4029E-05	0.957	0.027	0.016
	75.399	141.2	0.1101	0.4098E-05	0.957	0.027	0.016
	75.299	141.3	0.1118	0.4168E-05	0.957	0.027	0.016
	75.199	141.5	0.1136	0.4240E-05	0.957	0.027	0.016
	75.099	141.7	0.1154	0.4313E-05	0.957	0.027	0.016
	74.999	141.8	0.1173	0.4387E-05	0.957	0.027	0.016
	74.899	141.8	0.1189	0.4448E-05	0.957	0.027	0.016
	74.799	141.8	0.1206	0.4510E-05	0.957	0.027	0.016
	74.699	141.8	0.1223	0.4574E-05	0.957	0.027	0.016
	74.599	141.8	0.1240	0.4638E-05	0.957	0.027	0.016
	74.499	141.8	0.1257	0.4703E-05	0.957	0.027	0.016
	74.399	141.8	0.1275	0.4768E-05	0.957	0.027	0.016
	74.299	141.8	0.1293	0.4835E-05	0.957	0.027	0.016
	74.199	141.9	0.1311	0.4903E-05	0.957	0.027	0.016
	74.099	141.9	0.1329	0.4972E-05	0.957	0.027	0.016
	73.999	141.9	0.1348	0.5041E-05	0.957	0.027	0.016
	73.899	141.9	0.1367	0.5112E-05	0.957	0.027	0.016
	73.799	141.9	0.1386	0.5184E-05	0.957	0.027	0.016
	73.699	141.9	0.1406	0.5256E-05	0.957	0.027	0.016
	73.599	141.9	0.1425	0.5330E-05	0.957	0.027	0.016
	73.499	141.9	0.1445	0.5405E-05	0.957	0.027	0.016
	73.399	141.9	0.1466	0.5480E-05	0.957	0.027	0.016
	73.299	141.9	0.1486	0.5557E-05	0.957	0.027	0.016
	73.199	141.9	0.1507	0.5635E-05	0.957	0.027	0.016
	73.099	141.9	0.1528	0.5714E-05	0.957	0.027	0.016
	72.999	141.9	0.1550	0.5794E-05	0.957	0.027	0.016
	72.899	141.9	0.1572	0.5875E-05	0.957	0.027	0.016
	72.799	141.9	0.1594	0.5957E-05	0.957	0.027	0.016
	72.699	141.9	0.1616	0.6041E-05	0.957	0.027	0.016
	72.599	141.9	0.1639	0.6125E-05	0.957	0.027	0.016
	72.499	141.9	0.1662	0.6211E-05	0.957	0.027	0.016
	72.399	141.9	0.1685	0.6298E-05	0.957	0.027	0.016
	72.299	142.0	0.1709	0.6387E-05	0.957	0.027	0.016
	72.199	142.0	0.1733	0.6476E-05	0.957	0.027	0.016
	72.099	142.0	0.1757	0.6567E-05	0.957	0.027	0.016
	71.999	142.0	0.1782	0.6659E-05	0.957	0.027	0.016
	71.899	142.0	0.1807	0.6752E-05	0.957	0.027	0.016
	71.799	142.0	0.1832	0.6847E-05	0.957	0.027	0.016
	71.699	142.0	0.1858	0.6942E-05	0.957	0.027	0.016
	71.599	142.0	0.1884	0.7040E-05	0.957	0.027	0.016
	71.499	142.0	0.1910	0.7138E-05	0.957	0.027	0.016
	71.399	142.0	0.1937	0.7238E-05	0.957	0.027	0.016
	71.299	142.0	0.1964	0.7340E-05	0.957	0.027	0.016
	71.199	142.0	0.1992	0.7443E-05	0.957	0.027	0.016
	71.099	142.0	0.2020	0.7547E-05	0.957	0.027	0.016
	70.999	142.0	0.2048	0.7653E-05	0.957	0.027	0.016
	70.899	142.0	0.2077	0.7760E-05	0.957	0.027	0.016
	70.799	142.0	0.2106	0.7869E-05	0.957	0.027	0.016
	70.700	142.0	0.2136	0.7979E-05	0.957	0.027	0.016
	70.600	142.0	0.2166	0.8091E-05	0.957	0.027	0.016
	70.500	142.0	0.2196	0.8204E-05	0.957	0.027	0.016
	70.400	142.0	0.2227	0.8319E-05	0.957	0.027	0.016
	70.300	142.1	0.2258	0.8435E-05	0.957	0.027	0.016
	70.200	142.1	0.2290	0.8554E-05	0.957	0.027	0.016
	70.100	142.1	0.2322	0.8673E-05	0.957	0.027	0.016
	70.000	142.1	0.2355	0.8795E-05	0.957	0.027	0.016
	69.900	142.1	0.2388	0.8918E-05	0.957	0.027	0.016
	69.800	142.1	0.2421	0.9043E-05	0.957	0.027	0.016
	69.700	142.1	0.2455	0.9169E-05	0.957	0.027	0.016
	69.600	142.1	0.2490	0.9298E-05	0.957	0.027	0.016
	69.500	142.1	0.2525	0.9428E-05	0.957	0.027	0.016
	69.400	142.1	0.2560	0.9560E-05	0.957	0.027	0.016
	69.300	142.0	0.2596	0.9694E-05	0.957	0.027	0.016
	69.200	142.0	0.2632	0.9829E-05	0.957	0.027	0.016
	69.100	142.0	0.2669	0.9967E-05	0.957	0.027	0.016
	69.000	142.0	0.2707	0.1011E-04	0.957	0.027	0.016
	68.900	142.0	0.2744	0.1025E-04	0.957	0.027	0.016
	68.800	142.0	0.2783	0.1039E-04	0.957	0.027	0.016
	68.700	142.0	0.2822	0.1054E-04	0.957	0.027	0.016
	68.600	142.0	0.2861	0.1068E-04	0.957	0.027	0.016
	68.500	142.0	0.2902	0.1083E-04	0.957	0.027	0.016
	68.400	142.0	0.2942	0.1099E-04	0.957	0.027	0.016
	68.300	142.0	0.2983	0.1114E-04	0.957	0.027	0.016
	68.200	142.0	0.3025	0.1130E-04	0.957	0.027	0.016
	68.100	142.0	0.3068	0.1145E-04	0.957	0.027	0.016
	68.000	142.0	0.3111	0.1161E-04	0.957	0.027	0.016
	67.900	142.0	0.3154	0.1178E-04	0.957	0.027	0.016
	67.800	142.0	0.3198	0.1194E-04	0.957	0.027	0.016
	67.700	142.0	0.3243	0.1211E-04	0.957	0.027	0.016
	67.600	142.0	0.3289	0.1228E-04	0.957	0.027	0.016
	67.500	142.0	0.3335	0.1245E-04	0.957	0.027	0.016
	67.400	142.0	0.3381	0.1262E-04	0.957	0.027	0.016
	67.300	142.0	0.3429	0.1280E-04	0.957	0.027	0.016
	67.200	142.0	0.3477	0.1298E-04	0.957	0.027	0.016
	67.100	142.0	0.3526	0.1316E-04	0.957	0.027	0.016
	67.000	142.0	0.3575	0.1335E-04	0.957	0.027	0.016
	66.900	142.0	0.3625	0.1353E-04	0.957	0.027	0.016
	66.800	142.0	0.3676	0.1372E-04	0.957	0.027	0.016
	66.700	142.0	0.3727	0.1391E-04	0.957	0.027	0.016
	66.600	142.0	0.3780	0.1411E-04	0.957	0.027	0.016
	66.500	142.0	0.3833	0.1431E-04	0.957	0.027	0.016
	66.400	142.0	0.3886	0.1451E-04	0.957	0.027	0.016
	66.300	142.0	0.3941	0.1471E-04	0.957	0.027	0.016
	66.200	142.0	0.3996	0.1492E-04	0.957	0.027	0.016
	66.100	142.0	0.4052	0.1512E-04	0.957	0.027	0.016
	66.000	142.0	0.4109	0.1534E-04	0.957	0.027	0.016
	65.900	141.9	0.4166	0.1555E-04	0.957	0.027	0.016
	65.800	141.9	0.4225	0.1577E-04	0.957	0.027	0.016
	65.700	141.9	0.4284	0.1599E-04	0.957	0.027	0.016
	65.600	141.9	0.4344	0.1621E-04	0.957	0.027	0.016
	65.500	141.9	0.4405	0.1644E-04	0.957	0.027	0.016
	65.400	141.9	0.4466	0.1667E-04	0.957	0.027	0.016
	65.300	141.9	0.4529	0.1690E-04	0.957	0.027	0.016
	65.200	141.9	0.4592	0.1714E-04	0.957	0.027	0.016
	65.100	141.9	0.4657	0.1738E-04	0.957	0.027	0.016
	65.000	141.9	0.4722	0.1762E-04	0.957	0.027	0.016
	64.900	142.0	0.4788	0.1786E-04	0.957	0.027	0.016
	64.800	142.0	0.4854	0.1811E-04	0.957	0.027	0.016
	64.700	142.0	0.4922	0.1836E-04	0.957	0.027	0.016
	64.600	142.0	0.4991	0.1861E-04	0.957	0.027	0.016
	64.500	142.1	0.5060	0.1886E-04	0.957	0.027	0.016
	64.400	142.1	0.5130	0.1912E-04	0.957	0.027	0.016
	64.300	142.1	0.5202	0.1938E-04	0.957	0.027	0.016
	64.200	142.2	0.5274	0.1965E-04	0.957	0.027	0.016
	64.100	142.2	0.5348	0.1992E-04	0.957	0.027	0.016
	64.000	142.2	0.5422	0.2019E-04	0.957	0.027	0.016
	63.900	142.2	0.5498	0.2047E-04	0.957	0.027	0.016
	63.800	142.3	0.5574	0.2075E-04	0.957	0.027	0.016
	63.700	142.3	0.5652	0.2103E-04	0.957	0.027	0.016
	63.600	142.3	0.5730	0.2132E-04	0.957	0.027	0.016
	63.500	142.4	0.5810	0.2161E-04	0.957	0.027	0.016
	63.400	142.4	0.5891	0.2191E-04	0.957	0.027	0.016
	63.300	142.4	0.5973	0.2221E-04	0.957	0.027	0.016
	63.200	142.5	0.6056	0.2251E-04	0.957	0.027	0.016
	63.100	142.5	0.6141	0.2282E-04	0.957	0.027	0.016
	63.000	142.5	0.6226	0.2313E-04	0.957	0.027	0.016
	62.900	142.5	0.6313	0.2345E-04	0.957	0.027	0.016
	62.800	142.6	0.6401	0.2377E-04	0.957	0.027	0.016
	62.700	142.6	0.6490	0.2409E-04	0.957	0.027	0.016
	62.600	142.6	0.6580	0.2442E-04	0.957	0.027	0.016
	62.500	142.7	0.6672	0.2476E-04	0.957	0.027	0.016
	62.400	142.7	0.6765	0.2510E-04	0.957	0.027	0.016
	62.300	142.7	0.6859	0.2544E-04	0.957	0.027	0.016
	62.200	142.8	0.6954	0.2579E-04	0.957	0.027	0.016
	62.100	142.8	0.7051	0.2614E-04	0.957	0.027	0.016
	62.000	142.8	0.7149	0.2650E-04	0.957	0.027	0.016
	61.900	142.8	0.7249	0.2686E-04	0.957	0.027	0.016
	61.800	142.9	0.7350	0.2723E-04	0.957	0.027	0.016
	61.700	142.9	0.7452	0.2760E-04	0.957	0.027	0.016
	61.600	142.9	0.7556	0.2798E-04	0.957	0.027	0.016
	61.500	143.0	0.7661	0.2837E-04	0.957	0.027	0.016
	61.400	143.0	0.7768	0.2875E-04	0.957	0.027	0.016
	61.300	143.0	0.7876	0.2915E-04	0.957	0.027	0.016
	61.200	143.1	0.7985	0.2955E-04	0.957	0.027	0.016
	61.100	143.1	0.8096	0.2995E-04	0.957	0.027	0.016
	61.000	143.1	0.8209	0.3036E-04	0.957	0.027	0.016
	60.900	143.1	0.8323	0.3078E-04	0.957	0.027	0.016
	60.800	143.2	0.8439	0.3120E-04	0.957	0.027	0.016
	60.700	143.2	0.8557	0.3163E-04	0.957	0.027	0.016
	60.600	143.2	0.8676	0.3206E-04	0.957	0.027	0.016
	60.500	143.3	0.8797	0.3250E-04	0.957	0.027	0.016
	60.400	143.3	0.8919	0.3294E-04	0.957	0.027	0.016
	60.300	143.3	0.9043	0.3339E-04	0.957	0.027	0.016
	60.200	143.3	0.9169	0.3385E-04	0.957	0.027	0.016
	60.100	143.4	0.9297	0.3432E-04	0.957	0.027	0.016
	60.000	143.4	0.9426	0.3479E-04	0.957	0.027	0.016
	59.900	143.5	0.9555	0.3524E-04	0.957	0.027	0.016
	59.800	143.6	0.9686	0.3570E-04	0.957	0.027	0.016
	59.700	143.6	0.9818	0.3617E-04	0.957	0.027	0.016
	59.600	143.7	0.9952	0.3665E-04	0.957	0.027	0.016
	59.500	143.8	1.009	0.3713E-04	0.957	0.027	0.016
	59.400	143.9	1.023	0.3762E-04	0.957	0.027	0.016
	59.300	143.9	1.037	0.3811E-04	0.957	0.027	0.016
	59.200	144.0	1.051	0.3861E-04	0.957	0.027	0.016
	59.100	144.1	1.065	0.3912E-04	0.957	0.027	0.016
	59.000	144.2	1.080	0.3963E-04	0.957	0.027	0.016
	58.900	144.2	1.094	0.4015E-04	0.957	0.027	0.016
	58.800	144.3	1.109	0.4068E-04	0.957	0.027	0.016
	58.700	144.4	1.124	0.4121E-04	0.957	0.027	0.016
	58.600	144.5	1.140	0.4175E-04	0.957	0.027	0.016
	58.500	144.5	1.155	0.4230E-04	0.957	0.027	0.016
	58.400	144.6	1.171	0.4286E-04	0.957	0.027	0.016
	58.300	144.7	1.187	0.4342E-04	0.957	0.027	0.016
	58.200	144.8	1.203	0.4399E-04	0.957	0.027	0.016
	58.100	144.8	1.220	0.4457E-04	0.957	0.027	0.016
	58.000	144.9	1.236	0.4515E-04	0.957	0.027	0.016
	57.900	145.0	1.253	0.4574E-04	0.957	0.027	0.016
	57.800	145.0	1.270	0.4635E-04	0.957	0.027	0.016
	57.700	145.1	1.288	0.4695E-04	0.957	0.027	0.016
	57.600	145.2	1.305	0.4757E-04	0.957	0.027	0.016
	57.500	145.3	1.323	0.4819E-04	0.957	0.027	0.016
	57.400	145.3	1.341	0.4883E-04	0.957	0.027	0.016
	57.300	145.4	1.360	0.4947E-04	0.957	0.027	0.016
	57.200	145.5	1.378	0.5012E-04	0.957	0.027	0.016
	57.100	145.6	1.397	0.5078E-04	0.957	0.027	0.016
	57.000	145.6	1.416	0.5144E-04	0.957	0.027	0.016
	56.900	145.7	1.435	0.5212E-04	0.957	0.027	0.016
	56.800	145.8	1.455	0.5280E-04	0.957	0.027	0.016
	56.700	145.9	1.475	0.5350E-04	0.957	0.027	0.016
	56.600	145.9	1.495	0.5420E-04	0.957	0.027	0.016
	56.500	146.0	1.516	0.5491E-04	0.957	0.027	0.016
	56.400	146.1	1.536	0.5563E-04	0.957	0.027	0.016
	56.300	146.2	1.557	0.5636E-04	0.957	0.027	0.016
	56.200	146.2	1.578	0.5710E-04	0.957	0.027	0.016
	56.100	146.3	1.600	0.5785E-04	0.957	0.027	0.016
	56.000	146.4	1.622	0.5861E-04	0.957	0.027	0.016
	55.900	146.5	1.644	0.5938E-04	0.957	0.027	0.016
	55.800	146.5	1.666	0.6016E-04	0.957	0.027	0.016
	55.700	146.6	1.689	0.6095E-04	0.957	0.027	0.016
	55.600	146.7	1.712	0.6175E-04	0.957	0.027	0.016
	55.500	146.8	1.736	0.6257E-04	0.957	0.027	0.016
	55.400	146.8	1.759	0.6339E-04	0.957	0.027	0.016
	55.300	146.9	1.783	0.6422E-04	0.957	0.027	0.016
	55.200	147.0	1.808	0.6506E-04	0.957	0.027	0.016
	55.100	147.1	1.833	0.6592E-04	0.957	0.027	0.016
	55.000	147.1	1.858	0.6678E-04	0.957	0.027	0.016
	54.900	147.2	1.882	0.6762E-04	0.957	0.027	0.016
	54.800	147.3	1.907	0.6847E-04	0.957	0.027	0.016
	54.700	147.4	1.932	0.6933E-04	0.957	0.027	0.016
	54.600	147.5	1.958	0.7020E-04	0.957	0.027	0.016
	54.500	147.6	1.984	0.7108E-04	0.957	0.027	0.016
	54.400	147.7	2.010	0.7197E-04	0.957	0.027	0.016
	54.300	147.8	2.037	0.7288E-04	0.957	0.027	0.016
	54.200	147.9	2.064	0.7379E-04	0.957	0.027	0.016
	54.100	148.0	2.091	0.7472E-04	0.957	0.027	0.016
	54.000	148.1	2.119	0.7566E-04	0.957	0.027	0.016
	53.900	148.2	2.147	0.7661E-04	0.957	0.027	0.016
	53.800	148.3	2.175	0.7757E-04	0.957	0.027	0.016
	53.700	148.4	2.204	0.7854E-04	0.957	0.027	0.016
	53.600	148.5	2.233	0.7953E-04	0.957	0.027	0.016
	53.500	148.6	2.263	0.8053E-04	0.957	0.027	0.016
	53.400	148.7	2.293	0.8154E-04	0.957	0.027	0.016
	53.300	148.9	2.323	0.8256E-04	0.957	0.027	0.016
	53.200	149.0	2.354	0.8360E-04	0.957	0.027	0.016
	53.100	149.1	2.385	0.8465E-04	0.957	0.027	0.016
	53.000	149.2	2.416	0.8571E-04	0.957	0.027	0.016
	52.900	149.3	2.448	0.8679E-04	0.957	0.027	0.016
	52.800	149.4	2.481	0.8788E-04	0.957	0.027	0.016
	52.700	149.5	2.514	0.8898E-04	0.957	0.027	0.016
	52.600	149.6	2.547	0.9010E-04	0.957	0.027	0.016
	52.500	149.7	2.581	0.9123E-04	0.957	0.027	0.016
	52.400	149.8	2.615	0.9238E-04	0.957	0.027	0.016
	52.300	149.9	2.650	0.9354E-04	0.957	0.027	0.016
	52.200	150.0	2.685	0.9471E-04	0.957	0.027	0.016
	52.100	150.1	2.720	0.9590E-04	0.957	0.027	0.016
	52.000	150.2	2.756	0.9711E-04	0.957	0.027	0.016
	51.900	150.3	2.793	0.9833E-04	0.957	0.027	0.016
	51.800	150.4	2.830	0.9956E-04	0.957	0.027	0.016
	51.700	150.5	2.867	0.1008E-03	0.957	0.027	0.016
	51.600	150.6	2.905	0.1021E-03	0.957	0.027	0.016
	51.500	150.7	2.944	0.1034E-03	0.957	0.027	0.016
	51.400	150.8	2.982	0.1047E-03	0.957	0.027	0.016
	51.300	150.9	3.022	0.1060E-03	0.957	0.027	0.016
	51.200	151.0	3.062	0.1073E-03	0.957	0.027	0.016
	51.100	151.1	3.103	0.1087E-03	0.957	0.027	0.016
	51.000	151.2	3.144	0.1100E-03	0.957	0.027	0.016
	50.900	151.3	3.185	0.1114E-03	0.957	0.027	0.016
	50.800	151.4	3.227	0.1128E-03	0.957	0.027	0.016
	50.700	151.5	3.270	0.1142E-03	0.957	0.027	0.016
	50.600	151.6	3.313	0.1157E-03	0.957	0.027	0.016
	50.500	151.7	3.357	0.1171E-03	0.957	0.027	0.016
	50.400	151.8	3.402	0.1186E-03	0.957	0.027	0.016
	50.300	151.9	3.447	0.1201E-03	0.957	0.027	0.016
	50.200	152.0	3.492	0.1216E-03	0.957	0.027	0.016
	50.100	152.1	3.539	0.1231E-03	0.957	0.027	0.016
	50.000	152.2	3.586	0.1247E-03	0.957	0.027	0.016
	49.900	152.3	3.631	0.1261E-03	0.957	0.027	0.016
	49.800	152.4	3.677	0.1276E-03	0.957	0.027	0.016
	49.700	152.6	3.724	0.1292E-03	0.957	0.027	0.016
	49.600	152.7	3.772	0.1307E-03	0.957	0.027	0.016
	49.500	152.8	3.820	0.1323E-03	0.957	0.027	0.016
	49.400	152.9	3.869	0.1338E-03	0.957	0.027	0.016
	49.300	153.1	3.918	0.1354E-03	0.957	0.027	0.016
	49.200	153.2	3.968	0.1370E-03	0.957	0.027	0.016
	49.100	153.3	4.018	0.1387E-03	0.957	0.027	0.016
	49.000	153.5	4.070	0.1403E-03	0.957	0.027	0.016
	48.900	153.6	4.121	0.1420E-03	0.957	0.027	0.016
	48.800	153.7	4.174	0.1437E-03	0.957	0.027	0.016
	48.700	153.8	4.227	0.1454E-03	0.957	0.027	0.016
	48.600	154.0	4.281	0.1471E-03	0.957	0.027	0.016
	48.500	154.1	4.336	0.1489E-03	0.957	0.027	0.016
	48.400	154.2	4.391	0.1506E-03	0.957	0.027	0.016
	48.300	154.4	4.447	0.1524E-03	0.957	0.027	0.016
	48.200	154.5	4.503	0.1542E-03	0.957	0.027	0.016
	48.100	154.6	4.561	0.1561E-03	0.957	0.027	0.016
	48.000	154.7	4.619	0.1579E-03	0.957	0.027	0.016
	47.900	154.9	4.678	0.1598E-03	0.957	0.027	0.016
	47.800	155.0	4.737	0.1617E-03	0.957	0.027	0.016
	47.700	155.1	4.798	0.1637E-03	0.957	0.027	0.016
	47.600	155.3	4.859	0.1656E-03	0.957	0.027	0.016
	47.500	155.4	4.921	0.1676E-03	0.957	0.027	0.016
	47.400	155.5	4.984	0.1696E-03	0.957	0.027	0.016
	47.300	155.6	5.047	0.1716E-03	0.957	0.027	0.016
	47.200	155.8	5.111	0.1736E-03	0.957	0.027	0.016
	47.100	155.9	5.177	0.1757E-03	0.957	0.027	0.016
	47.000	156.0	5.243	0.1778E-03	0.957	0.027	0.016
	46.900	156.2	5.309	0.1799E-03	0.957	0.027	0.016
	46.800	156.3	5.377	0.1821E-03	0.957	0.027	0.016
	46.700	156.4	5.446	0.1842E-03	0.957	0.027	0.016
	46.600	156.5	5.515	0.1864E-03	0.957	0.027	0.016
	46.500	156.7	5.585	0.1886E-03	0.957	0.027	0.016
	46.400	156.8	5.656	0.1909E-03	0.957	0.027	0.016
	46.300	156.9	5.729	0.1932E-03	0.957	0.027	0.016
	46.200	157.1	5.802	0.1955E-03	0.957	0.027	0.016
	46.100	157.2	5.875	0.1978E-03	0.957	0.027	0.016
	46.000	157.3	5.950	0.2002E-03	0.957	0.027	0.016
	45.900	157.4	6.026	0.2026E-03	0.957	0.027	0.016
	45.800	157.6	6.103	0.2050E-03	0.957	0.027	0.016
	45.700	157.7	6.181	0.2074E-03	0.957	0.027	0.016
	45.600	157.8	6.260	0.2099E-03	0.957	0.027	0.016
	45.500	158.0	6.339	0.2124E-03	0.957	0.027	0.016
	45.400	158.1	6.420	0.2149E-03	0.957	0.027	0.016
	45.300	158.2	6.502	0.2175E-03	0.957	0.027	0.016
	45.200	158.3	6.585	0.2201E-03	0.957	0.027	0.016
	45.100	158.5	6.669	0.2227E-03	0.957	0.027	0.016
	45.000	158.6	6.754	0.2254E-03	0.957	0.027	0.016
	44.900	158.8	6.836	0.2278E-03	0.957	0.027	0.016
	44.800	158.9	6.919	0.2304E-03	0.957	0.027	0.016
	44.700	159.1	7.003	0.2329E-03	0.957	0.027	0.016
	44.600	159.3	7.088	0.2355E-03	0.957	0.027	0.016
	44.500	159.5	7.174	0.2381E-03	0.957	0.027	0.016
	44.400	159.6	7.261	0.2407E-03	0.957	0.027	0.016
	44.300	159.8	7.349	0.2434E-03	0.957	0.027	0.016
	44.200	160.0	7.438	0.2461E-03	0.957	0.027	0.016
	44.100	160.1	7.528	0.2488E-03	0.957	0.027	0.016
	44.000	160.3	7.620	0.2515E-03	0.957	0.027	0.016
	43.900	160.5	7.712	0.2543E-03	0.957	0.027	0.016
	43.800	160.7	7.806	0.2571E-03	0.957	0.027	0.016
	43.700	160.8	7.900	0.2599E-03	0.957	0.027	0.016
	43.600	161.0	7.996	0.2628E-03	0.957	0.027	0.016
	43.500	161.2	8.093	0.2657E-03	0.957	0.027	0.016
	43.400	161.4	8.192	0.2687E-03	0.957	0.027	0.016
	43.300	161.5	8.291	0.2716E-03	0.957	0.027	0.016
	43.200	161.7	8.392	0.2746E-03	0.957	0.027	0.016
	43.100	161.9	8.493	0.2777E-03	0.957	0.027	0.016
	43.000	162.0	8.597	0.2807E-03	0.957	0.027	0.016
	42.900	162.2	8.701	0.2838E-03	0.957	0.027	0.016
	42.800	162.4	8.806	0.2870E-03	0.957	0.027	0.016
	42.700	162.6	8.913	0.2902E-03	0.957	0.027	0.016
	42.600	162.7	9.022	0.2934E-03	0.957	0.027	0.016
	42.500	162.9	9.131	0.2966E-03	0.957	0.027	0.016
	42.400	163.1	9.242	0.2999E-03	0.957	0.027	0.016
	42.300	163.3	9.354	0.3032E-03	0.957	0.027	0.016
	42.200	163.4	9.468	0.3066E-03	0.957	0.027	0.016
	42.100	163.6	9.582	0.3100E-03	0.957	0.027	0.016
	42.000	163.8	9.699	0.3134E-03	0.957	0.027	0.016
	41.900	163.9	9.816	0.3169E-03	0.957	0.027	0.016
	41.800	164.1	9.936	0.3204E-03	0.957	0.027	0.016
	41.700	164.3	10.06	0.3239E-03	0.957	0.027	0.016
	41.600	164.5	10.18	0.3275E-03	0.957	0.027	0.016
	41.500	164.6	10.30	0.3311E-03	0.957	0.027	0.016
	41.400	164.8	10.43	0.3348E-03	0.957	0.027	0.016
	41.300	165.0	10.55	0.3385E-03	0.957	0.027	0.016
	41.200	165.1	10.68	0.3423E-03	0.957	0.027	0.016
	41.100	165.3	10.81	0.3461E-03	0.957	0.027	0.016
	41.000	165.5	10.94	0.3499E-03	0.957	0.027	0.016
	40.900	165.7	11.08	0.3538E-03	0.957	0.027	0.016
	40.800	165.8	11.21	0.3577E-03	0.957	0.027	0.016
	40.700	166.0	11.35	0.3617E-03	0.957	0.027	0.016
	40.600	166.2	11.48	0.3657E-03	0.957	0.027	0.016
	40.500	166.4	11.62	0.3697E-03	0.957	0.027	0.016
	40.400	166.5	11.76	0.3738E-03	0.957	0.027	0.016
	40.300	166.7	11.91	0.3780E-03	0.957	0.027	0.016
	40.200	166.9	12.05	0.3822E-03	0.957	0.027	0.016
	40.100	167.0	12.20	0.3864E-03	0.957	0.027	0.016
	40.000	167.2	12.35	0.3907E-03	0.957	0.027	0.016
	39.900	167.4	12.49	0.3948E-03	0.957	0.027	0.016
	39.800	167.6	12.63	0.3989E-03	0.957	0.027	0.016
	39.700	167.7	12.78	0.4031E-03	0.957	0.027	0.016
	39.600	167.9	12.92	0.4073E-03	0.957	0.027	0.016
	39.500	168.1	13.07	0.4116E-03	0.957	0.027	0.016
	39.400	168.3	13.22	0.4159E-03	0.957	0.027	0.016
	39.300	168.4	13.38	0.4202E-03	0.957	0.027	0.016
	39.200	168.6	13.53	0.4246E-03	0.957	0.027	0.016
	39.100	168.8	13.69	0.4291E-03	0.957	0.027	0.016
	39.000	169.0	13.84	0.4336E-03	0.957	0.027	0.016
	38.900	169.2	14.00	0.4381E-03	0.957	0.027	0.016
	38.800	169.3	14.17	0.4427E-03	0.957	0.027	0.016
	38.700	169.5	14.33	0.4473E-03	0.957	0.027	0.016
	38.600	169.7	14.49	0.4520E-03	0.957	0.027	0.016
	38.500	169.9	14.66	0.4567E-03	0.957	0.027	0.016
	38.400	170.0	14.83	0.4615E-03	0.957	0.027	0.016
	38.300	170.2	15.00	0.4664E-03	0.957	0.027	0.016
	38.200	170.4	15.17	0.4713E-03	0.957	0.027	0.016
	38.100	170.6	15.35	0.4762E-03	0.957	0.027	0.016
	38.000	170.7	15.53	0.4812E-03	0.957	0.027	0.016
	37.900	170.9	15.70	0.4862E-03	0.957	0.027	0.016
	37.800	171.1	15.89	0.4913E-03	0.957	0.027	0.016
	37.700	171.3	16.07	0.4965E-03	0.957	0.027	0.016
	37.600	171.4	16.25	0.5017E-03	0.957	0.027	0.016
	37.500	171.6	16.44	0.5069E-03	0.957	0.027	0.016
	37.400	171.8	16.63	0.5123E-03	0.957	0.027	0.016
	37.300	172.0	16.82	0.5176E-03	0.957	0.027	0.016
	37.200	172.1	17.02	0.5231E-03	0.957	0.027	0.016
	37.100	172.3	17.21	0.5286E-03	0.957	0.027	0.016
	37.000	172.5	17.41	0.5341E-03	0.957	0.027	0.016
	36.900	172.7	17.61	0.5397E-03	0.957	0.027	0.016
	36.800	172.8	17.82	0.5454E-03	0.957	0.027	0.016
	36.700	173.0	18.02	0.5511E-03	0.957	0.027	0.016
	36.600	173.2	18.23	0.5569E-03	0.957	0.027	0.016
	36.500	173.4	18.44	0.5627E-03	0.957	0.027	0.016
	36.400	173.5	18.65	0.5686E-03	0.957	0.027	0.016
	36.300	173.7	18.87	0.5746E-03	0.957	0.027	0.016
	36.200	173.9	19.08	0.5806E-03	0.957	0.027	0.016
	36.100	174.1	19.30	0.5867E-03	0.957	0.027	0.016
	36.000	174.3	19.53	0.5929E-03	0.957	0.027	0.016
	35.900	174.4	19.75	0.5991E-03	0.957	0.027	0.016
	35.800	174.6	19.98	0.6054E-03	0.957	0.027	0.016
	35.700	174.8	20.21	0.6118E-03	0.957	0.027	0.016
	35.600	175.0	20.44	0.6182E-03	0.957	0.027	0.016
	35.500	175.1	20.68	0.6247E-03	0.957	0.027	0.016
	35.400	175.3	20.92	0.6313E-03	0.957	0.027	0.016
	35.300	175.5	21.16	0.6379E-03	0.957	0.027	0.016
	35.200	175.7	21.40	0.6446E-03	0.957	0.027	0.016
	35.100	175.8	21.65	0.6514E-03	0.957	0.027	0.016
	35.000	176.0	21.90	0.6582E-03	0.957	0.027	0.016
	34.900	176.2	22.14	0.6647E-03	0.957	0.027	0.016
	34.800	176.4	22.38	0.6713E-03	0.957	0.027	0.016
	34.700	176.6	22.63	0.6779E-03	0.957	0.027	0.016
	34.600	176.8	22.87	0.6846E-03	0.957	0.027	0.016
	34.500	176.9	23.12	0.6914E-03	0.957	0.027	0.016
	34.400	177.1	23.38	0.6983E-03	0.957	0.027	0.016
	34.300	177.3	23.63	0.7052E-03	0.957	0.027	0.016
	34.200	177.5	23.89	0.7121E-03	0.957	0.027	0.016
	34.100	177.7	24.15	0.7192E-03	0.957	0.027	0.016
	34.000	177.9	24.42	0.7263E-03	0.957	0.027	0.016
	33.900	178.1	24.69	0.7335E-03	0.957	0.027	0.016
	33.800	178.2	24.96	0.7407E-03	0.957	0.027	0.016
	33.700	178.4	25.23	0.7481E-03	0.957	0.027	0.016
	33.600	178.6	25.51	0.7555E-03	0.957	0.027	0.016
	33.500	178.8	25.78	0.7629E-03	0.957	0.027	0.016
	33.400	179.0	26.07	0.7705E-03	0.957	0.027	0.016
	33.300	179.2	26.35	0.7781E-03	0.957	0.027	0.016
	33.200	179.4	26.64	0.7858E-03	0.957	0.027	0.016
	33.100	179.6	26.93	0.7936E-03	0.957	0.027	0.016
	33.000	179.7	27.23	0.8015E-03	0.957	0.027	0.016
	32.900	179.9	27.53	0.8094E-03	0.957	0.027	0.016
	32.800	180.1	27.83	0.8174E-03	0.957	0.027	0.016
	32.700	180.3	28.13	0.8255E-03	0.957	0.027	0.016
	32.600	180.5	28.44	0.8337E-03	0.957	0.027	0.016
	32.500	180.7	28.75	0.8419E-03	0.957	0.027	0.016
	32.400	180.9	29.07	0.8503E-03	0.957	0.027	0.016
	32.300	181.0	29.39	0.8587E-03	0.957	0.027	0.016
	32.200	181.2	29.71	0.8672E-03	0.957	0.027	0.016
	32.100	181.4	30.03	0.8758E-03	0.957	0.027	0.016
	32.000	181.6	30.36	0.8845E-03	0.957	0.027	0.016
	31.900	181.8	30.69	0.8933E-03	0.957	0.027	0.016
	31.800	182.0	31.03	0.9021E-03	0.957	0.027	0.016
	31.700	182.2	31.37	0.9111E-03	0.957	0.027	0.016
	31.600	182.3	31.71	0.9201E-03	0.957	0.027	0.016
	31.500	182.5	32.06	0.9292E-03	0.957	0.027	0.016
	31.400	182.7	32.41	0.9384E-03	0.957	0.027	0.016
	31.300	182.9	32.77	0.9478E-03	0.957	0.027	0.016
	31.200	183.1	33.13	0.9572E-03	0.957	0.027	0.016
	31.100	183.3	33.49	0.9667E-03	0.957	0.027	0.016
	31.000	183.5	33.86	0.9762E-03	0.957	0.027	0.016
	30.900	183.6	34.23	0.9859E-03	0.957	0.027	0.016
	30.800	183.8	34.60	0.9957E-03	0.957	0.027	0.016
	30.700	184.0	34.98	0.1006E-02	0.957	0.027	0.016
	30.600	184.2	35.36	0.1016E-02	0.957	0.027	0.016
	30.500	184.4	35.75	0.1026E-02	0.957	0.027	0.016
	30.400	184.6	36.14	0.1036E-02	0.957	0.027	0.016
	30.300	184.8	36.54	0.1046E-02	0.957	0.027	0.016
	30.200	185.0	36.94	0.1057E-02	0.957	0.027	0.016
	30.100	185.1	37.34	0.1067E-02	0.957	0.027	0.016
	30.000	185.3	37.75	0.1078E-02	0.957	0.027	0.016
	29.900	185.5	38.14	0.1088E-02	0.957	0.027	0.016
	29.800	185.7	38.54	0.1098E-02	0.957	0.027	0.016
	29.700	185.9	38.94	0.1108E-02	0.957	0.027	0.016
	29.600	186.1	39.35	0.1118E-02	0.957	0.027	0.016
	29.500	186.3	39.76	0.1129E-02	0.957	0.027	0.016
	29.400	186.5	40.17	0.1139E-02	0.957	0.027	0.016
	29.300	186.7	40.59	0.1150E-02	0.957	0.027	0.016
	29.200	186.9	41.01	0.1161E-02	0.957	0.027	0.016
	29.100	187.1	41.44	0.1172E-02	0.957	0.027	0.016
	29.000	187.3	41.87	0.1183E-02	0.957	0.027	0.016
	28.900	187.4	42.30	0.1194E-02	0.957	0.027	0.016
	28.800	187.6	42.74	0.1205E-02	0.957	0.027	0.016
	28.700	187.8	43.19	0.1216E-02	0.957	0.027	0.016
	28.600	188.0	43.63	0.1228E-02	0.957	0.027	0.016
	28.500	188.2	44.09	0.1239E-02	0.957	0.027	0.016
	28.400	188.4	44.55	0.1251E-02	0.957	0.027	0.016
	28.300	188.6	45.01	0.1262E-02	0.957	0.027	0.016
	28.200	188.8	45.48	0.1274E-02	0.957	0.027	0.016
	28.100	189.0	45.95	0.1286E-02	0.957	0.027	0.016
	28.000	189.2	46.43	0.1298E-02	0.957	0.027	0.016
	27.900	189.4	46.91	0.1310E-02	0.957	0.027	0.016
	27.800	189.6	47.40	0.1323E-02	0.957	0.027	0.016
	27.700	189.8	47.89	0.1335E-02	0.957	0.027	0.016
	27.600	190.0	48.39	0.1347E-02	0.957	0.027	0.016
	27.500	190.2	48.89	0.1360E-02	0.957	0.027	0.016
	27.400	190.3	49.40	0.1373E-02	0.957	0.027	0.016
	27.300	190.5	49.92	0.1386E-02	0.957	0.027	0.016
	27.200	190.7	50.43	0.1399E-02	0.957	0.027	0.016
	27.100	190.9	50.96	0.1412E-02	0.957	0.027	0.016
	27.000	191.1	51.49	0.1425E-02	0.957	0.027	0.016
	26.900	191.3	52.02	0.1438E-02	0.957	0.027	0.016
	26.800	191.5	52.56	0.1452E-02	0.957	0.027	0.016
	26.700	191.7	53.11	0.1465E-02	0.957	0.027	0.016
	26.600	191.9	53.66	0.1479E-02	0.957	0.027	0.016
	26.500	192.1	54.22	0.1493E-02	0.957	0.027	0.016
	26.400	192.3	54.79	0.1507E-02	0.957	0.027	0.016
	26.300	192.5	55.36	0.1521E-02	0.957	0.027	0.016
	26.200	192.7	55.93	0.1536E-02	0.957	0.027	0.016
	26.100	192.9	56.51	0.1550E-02	0.957	0.027	0.016
	26.000	193.1	57.10	0.1564E-02	0.957	0.027	0.016
	25.900	193.2	57.69	0.1579E-02	0.957	0.027	0.016
	25.800	193.4	58.29	0.1594E-02	0.957	0.027	0.016
	25.700	193.6	58.90	0.1609E-02	0.957	0.027	0.016
	25.600	193.8	59.51	0.1624E-02	0.957	0.027	0.016
	25.500	194.0	60.13	0.1639E-02	0.957	0.027	0.016
	25.400	194.2	60.76	0.1655E-02	0.957	0.027	0.016
	25.300	194.4	61.39	0.1670E-02	0.957	0.027	0.016
	25.200	194.6	62.03	0.1686E-02	0.957	0.027	0.016
	25.100	194.8	62.67	0.1702E-02	0.957	0.027	0.016
	25.000	195.0	63.32	0.1718E-02	0.957	0.027	0.016
	24.900	195.2	63.95	0.1733E-02	0.957	0.027	0.016
	24.800	195.4	64.58	0.1748E-02	0.957	0.027	0.016
	24.700	195.6	65.22	0.1764E-02	0.957	0.027	0.016
	24.600	195.8	65.86	0.1779E-02	0.957	0.027	0.016
	24.500	196.0	66.51	0.1795E-02	0.957	0.027	0.016
	24.400	196.2	67.17	0.1811E-02	0.957	0.027	0.016
	24.300	196.4	67.83	0.1827E-02	0.957	0.027	0.016
	24.200	196.6	68.50	0.1843E-02	0.957	0.027	0.016
	24.100	196.8	69.18	0.1859E-02	0.957	0.027	0.016
	24.000	197.0	69.86	0.1875E-02	0.957	0.027	0.016
	23.900	197.2	70.55	0.1892E-02	0.957	0.027	0.016
	23.800	197.5	71.25	0.1909E-02	0.957	0.027	0.016
	23.700	197.7	71.95	0.1925E-02	0.957	0.027	0.016
	23.600	197.9	72.66	0.1942E-02	0.957	0.027	0.016
	23.500	198.1	73.38	0.1960E-02	0.957	0.027	0.016
	23.400	198.3	74.10	0.1977E-02	0.957	0.027	0.016
	23.300	198.5	74.83	0.1994E-02	0.957	0.027	0.016
	23.200	198.7	75.57	0.2012E-02	0.957	0.027	0.016
	23.100	198.9	76.32	0.2030E-02	0.957	0.027	0.016
	23.000	199.1	77.07	0.2048E-02	0.957	0.027	0.016
	22.900	199.3	77.83	0.2066E-02	0.957	0.027	0.016
	22.800	199.5	78.60	0.2084E-02	0.957	0.027	0.016
	22.700	199.7	79.38	0.2102E-02	0.957	0.027	0.016
	22.600	199.9	80.16	0.2121E-02	0.957	0.027	0.016
	22.500	200.1	80.95	0.2140E-02	0.957	0.027	0.016
	22.400	200.3	81.75	0.2159E-02	0.957	0.027	0.016
	22.300	200.5	82.56	0.2178E-02	0.957	0.027	0.016
	22.200	200.7	83.38	0.2197E-02	0.957	0.027	0.016
	22.100	200.9	84.20	0.2216E-02	0.957	0.027	0.016
	22.000	201.1	85.03	0.2236E-02	0.957	0.027	0.016
	21.900	201.4	85.87	0.2256E-02	0.957	0.027	0.016
	21.800	201.6	86.72	0.2276E-02	0.957	0.027	0.016
	21.700	201.8	87.57	0.2296E-02	0.957	0.027	0.016
	21.600	202.0	88.44	0.2316E-02	0.957	0.027	0.016
	21.500	202.2	89.31	0.2337E-02	0.957	0.027	0.016
	21.400	202.4	90.19	0.2357E-02	0.957	0.027	0.016
	21.300	202.6	91.08	0.2378E-02	0.957	0.027	0.016
	21.200	202.8	91.98	0.2399E-02	0.957	0.027	0.016
	21.100	203.0	92.89	0.2421E-02	0.957	0.027	0.016
	21.000	203.2	93.81	0.2442E-02	0.957	0.027	0.016
	20.900	203.4	94.74	0.2464E-02	0.957	0.027	0.016
	20.800	203.6	95.67	0.2485E-02	0.957	0.027	0.016
	20.700	203.8	96.62	0.2507E-02	0.957	0.027	0.016
	20.600	204.0	97.57	0.2530E-02	0.957	0.027	0.016
	20.500	204.2	98.53	0.2552E-02	0.957	0.027	0.016
	20.400	204.4	99.51	0.2575E-02	0.957	0.027	0.016
	20.300	204.6	100.5	0.2597E-02	0.957	0.027	0.016
	20.200	204.8	101.5	0.2621E-02	0.957	0.027	0.016
	20.100	205.1	102.5	0.2644E-02	0.957	0.027	0.016
	20.000	205.3	103.5	0.2667E-02	0.957	0.027	0.016
	19.900	205.5	104.5	0.2690E-02	0.957	0.027	0.016
	19.800	205.7	105.4	0.2712E-02	0.957	0.027	0.016
	19.700	205.9	106.4	0.2735E-02	0.957	0.027	0.016
	19.600	206.1	107.4	0.2758E-02	0.957	0.027	0.016
	19.500	206.3	108.4	0.2781E-02	0.957	0.027	0.016
	19.400	206.5	109.5	0.2804E-02	0.957	0.027	0.016
	19.300	206.7	110.5	0.2828E-02	0.957	0.027	0.016
	19.200	206.9	111.5	0.2851E-02	0.957	0.027	0.016
	19.100	207.1	112.6	0.2875E-02	0.957	0.027	0.016
	19.000	207.3	113.6	0.2899E-02	0.957	0.027	0.016
	18.900	207.6	114.7	0.2924E-02	0.957	0.027	0.016
	18.800	207.8	115.8	0.2948E-02	0.957	0.027	0.016
	18.700	208.0	116.9	0.2973E-02	0.957	0.027	0.016
	18.600	208.2	118.0	0.2998E-02	0.957	0.027	0.016
	18.500	208.4	119.1	0.3023E-02	0.957	0.027	0.016
	18.400	208.6	120.2	0.3048E-02	0.957	0.027	0.016
	18.300	208.8	121.3	0.3074E-02	0.957	0.027	0.016
	18.200	209.0	122.5	0.3100E-02	0.957	0.027	0.016
	18.100	209.2	123.6	0.3126E-02	0.957	0.027	0.016
	18.000	209.4	124.8	0.3152E-02	0.957	0.027	0.016
	17.900	209.6	126.0	0.3178E-02	0.957	0.027	0.016
	17.800	209.9	127.1	0.3205E-02	0.957	0.027	0.016
	17.700	210.1	128.3	0.3232E-02	0.957	0.027	0.016
	17.600	210.3	129.5	0.3259E-02	0.957	0.027	0.016
	17.500	210.5	130.8	0.3287E-02	0.957	0.027	0.016
	17.400	210.7	132.0	0.3314E-02	0.957	0.027	0.016
	17.300	210.9	133.2	0.3342E-02	0.957	0.027	0.016
	17.200	211.1	134.5	0.3370E-02	0.957	0.027	0.016
	17.100	211.3	135.7	0.3398E-02	0.957	0.027	0.016
	17.000	211.5	137.0	0.3427E-02	0.957	0.027	0.016
	16.900	211.7	138.3	0.3456E-02	0.957	0.027	0.016
	16.800	211.9	139.6	0.3485E-02	0.957	0.027	0.016
	16.700	212.2	140.9	0.3514E-02	0.957	0.027	0.016
	16.600	212.4	142.2	0.3544E-02	0.957	0.027	0.016
	16.500	212.6	143.6	0.3574E-02	0.957	0.027	0.016
	16.400	212.8	144.9	0.3604E-02	0.957	0.027	0.016
	16.300	213.0	146.3	0.3634E-02	0.957	0.027	0.016
	16.200	213.2	147.7	0.3664E-02	0.957	0.027	0.016
	16.100	213.4	149.0	0.3695E-02	0.957	0.027	0.016
	16.000	213.6	150.4	0.3726E-02	0.957	0.027	0.016
	15.900	213.8	151.9	0.3758E-02	0.957	0.027	0.016
	15.800	214.0	153.3	0.3789E-02	0.957	0.027	0.016
	15.700	214.2	154.7	0.3821E-02	0.957	0.027	0.016
	15.600	214.4	156.2	0.3853E-02	0.957	0.027	0.016
	15.500	214.7	157.6	0.3886E-02	0.957	0.027	0.016
	15.400	214.9	159.1	0.3919E-02	0.957	0.027	0.016
	15.300	215.1	160.6	0.3952E-02	0.957	0.027	0.016
	15.200	215.3	162.1	0.3985E-02	0.957	0.027	0.016
	15.100	215.5	163.7	0.4018E-02	0.957	0.027	0.016
	15.000	215.7	165.2	0.4052E-02	0.957	0.027	0.016
	14.900	215.9	166.7	0.4085E-02	0.957	0.027	0.016
	14.800	216.1	168.2	0.4118E-02	0.957	0.027	0.016
	14.700	216.3	169.7	0.4151E-02	0.957	0.027	0.016
	14.600	216.5	171.2	0.4184E-02	0.957	0.027	0.016
	14.500	216.7	172.7	0.4217E-02	0.957	0.027	0.016
	14.400	216.9	174.3	0.4251E-02	0.957	0.027	0.016
	14.300	217.1	175.9	0.4285E-02	0.957	0.027	0.016
	14.200	217.3	177.4	0.4320E-02	0.957	0.027	0.016
	14.100	217.5	179.0	0.4354E-02	0.957	0.027	0.016
	14.000	217.8	180.6	0.4389E-02	0.957	0.027	0.016
	13.900	218.0	182.3	0.4424E-02	0.957	0.027	0.016
	13.800	218.2	183.9	0.4460E-02	0.957	0.027	0.016
	13.700	218.4	185.5	0.4496E-02	0.957	0.027	0.016
	13.600	218.6	187.2	0.4532E-02	0.957	0.027	0.016
	13.500	218.8	188.9	0.4568E-02	0.957	0.027	0.016
	13.400	219.0	190.6	0.4605E-02	0.957	0.027	0.016
	13.300	219.2	192.3	0.4642E-02	0.957	0.027	0.016
	13.200	219.4	194.0	0.4679E-02	0.957	0.027	0.016
	13.100	219.6	195.8	0.4717E-02	0.957	0.027	0.016
	13.000	219.8	197.5	0.4755E-02	0.957	0.027	0.016
	12.900	220.0	199.3	0.4793E-02	0.957	0.027	0.016
	12.800	220.2	201.1	0.4831E-02	0.957	0.027	0.016
	12.700	220.4	202.9	0.4870E-02	0.957	0.027	0.016
	12.600	220.6	204.7	0.4909E-02	0.957	0.027	0.016
	12.500	220.8	206.6	0.4949E-02	0.957	0.027	0.016
	12.400	221.0	208.4	0.4988E-02	0.957	0.027	0.016
	12.300	221.2	210.3	0.5029E-02	0.957	0.027	0.016
	12.200	221.4	212.2	0.5069E-02	0.957	0.027	0.016
	12.100	221.7	214.1	0.5110E-02	0.957	0.027	0.016
	12.000	221.9	216.0	0.5151E-02	0.957	0.027	0.016
	11.900	222.1	217.9	0.5192E-02	0.957	0.027	0.016
	11.800	222.3	219.9	0.5234E-02	0.957	0.027	0.016
	11.700	222.5	221.9	0.5276E-02	0.957	0.027	0.016
	11.600	222.7	223.9	0.5319E-02	0.957	0.027	0.016
	11.500	222.9	225.9	0.5361E-02	0.957	0.027	0.016
	11.400	223.1	227.9	0.5404E-02	0.957	0.027	0.016
	11.300	223.3	229.9	0.5448E-02	0.957	0.027	0.016
	11.200	223.5	232.0	0.5492E-02	0.957	0.027	0.016
	11.100	223.7	234.1	0.5536E-02	0.957	0.027	0.016
	11.000	223.9	236.2	0.5581E-02	0.957	0.027	0.016
	10.900	224.1	238.3	0.5625E-02	0.957	0.027	0.016
	10.800	224.3	240.4	0.5671E-02	0.957	0.027	0.016
	10.700	224.5	242.6	0.5716E-02	0.957	0.027	0.016
	10.600	224.7	244.8	0.5762E-02	0.957	0.027	0.016
	10.500	224.9	247.0	0.5809E-02	0.957	0.027	0.016
	10.400	225.1	249.2	0.5856E-02	0.957	0.027	0.016
	10.300	225.3	251.4	0.5903E-02	0.957	0.027	0.016
	10.200	225.6	253.7	0.5950E-02	0.957	0.027	0.016
	10.100	225.8	256.0	0.5998E-02	0.957	0.027	0.016
	10.000	226.0	258.3	0.6047E-02	0.957	0.027	0.016
	9.9000	226.2	260.5	0.6092E-02	0.957	0.027	0.016
	9.8000	226.4	262.7	0.6138E-02	0.957	0.027	0.016
	9.7000	226.7	264.9	0.6184E-02	0.957	0.027	0.016
	9.6000	226.9	267.2	0.6230E-02	0.957	0.027	0.016
	9.5000	227.2	269.5	0.6277E-02	0.957	0.027	0.016
	9.4000	227.4	271.8	0.6324E-02	0.957	0.027	0.016
	9.3000	227.6	274.1	0.6371E-02	0.957	0.027	0.016
	9.2000	227.9	276.5	0.6419E-02	0.957	0.027	0.016
	9.1000	228.1	278.8	0.6468E-02	0.957	0.027	0.016
	9.0000	228.3	281.2	0.6516E-02	0.957	0.027	0.016
	8.9000	228.6	283.6	0.6565E-02	0.957	0.027	0.016
	8.8000	228.8	286.0	0.6614E-02	0.957	0.027	0.016
	8.7000	229.1	288.5	0.6664E-02	0.957	0.027	0.016
	8.6000	229.3	290.9	0.6714E-02	0.957	0.027	0.016
	8.5000	229.5	293.4	0.6765E-02	0.957	0.027	0.016
	8.4000	229.8	295.9	0.6815E-02	0.957	0.027	0.016
	8.3000	230.0	298.5	0.6867E-02	0.957	0.027	0.016
	8.2000	230.2	301.0	0.6918E-02	0.957	0.027	0.016
	8.1000	230.5	303.6	0.6970E-02	0.957	0.027	0.016
	8.0000	230.7	306.2	0.7023E-02	0.957	0.027	0.016
	7.9000	231.0	308.8	0.7076E-02	0.957	0.027	0.016
	7.8000	231.2	311.5	0.7129E-02	0.957	0.027	0.016
	7.7000	231.4	314.1	0.7183E-02	0.957	0.027	0.016
	7.6000	231.7	316.8	0.7237E-02	0.957	0.027	0.016
	7.5000	231.9	319.5	0.7291E-02	0.957	0.027	0.016
	7.4000	232.1	322.2	0.7346E-02	0.957	0.027	0.016
	7.3000	232.4	325.0	0.7401E-02	0.957	0.027	0.016
	7.2000	232.6	327.8	0.7457E-02	0.957	0.027	0.016
	7.1000	232.9	330.6	0.7513E-02	0.957	0.027	0.016
	7.0000	233.1	333.4	0.7570E-02	0.957	0.027	0.016
	6.9000	233.3	336.2	0.7627E-02	0.957	0.027	0.016
	6.8000	233.6	339.1	0.7684E-02	0.957	0.027	0.016
	6.7000	233.8	342.0	0.7742E-02	0.957	0.027	0.016
	6.6000	234.0	344.9	0.7800E-02	0.957	0.027	0.016
	6.5000	234.3	347.9	0.7859E-02	0.957	0.027	0.016
	6.4000	234.5	350.9	0.7918E-02	0.957	0.027	0.016
	6.3000	234.8	353.9	0.7978E-02	0.957	0.027	0.016
	6.2000	235.0	356.9	0.8038E-02	0.957	0.027	0.016
	6.1000	235.2	359.9	0.8099E-02	0.957	0.027	0.016
	6.0000	235.5	363.0	0.8160E-02	0.957	0.027	0.016
	5.9000	235.7	366.1	0.8222E-02	0.957	0.027	0.016
	5.8000	235.9	369.2	0.8284E-02	0.957	0.027	0.016
	5.7000	236.2	372.4	0.8346E-02	0.957	0.027	0.016
	5.6000	236.4	375.6	0.8409E-02	0.957	0.027	0.016
	5.5000	236.7	378.8	0.8473E-02	0.957	0.027	0.016
	5.4000	236.9	382.0	0.8537E-02	0.957	0.027	0.016
	5.3000	237.1	385.3	0.8601E-02	0.957	0.027	0.016
	5.2000	237.4	388.6	0.8666E-02	0.957	0.027	0.016
	5.1000	237.6	391.9	0.8731E-02	0.957	0.027	0.016
	5.0000	237.8	395.3	0.8797E-02	0.957	0.027	0.016
	4.9000	237.8	398.6	0.8874E-02	0.957	0.027	0.016
	4.8000	237.7	401.9	0.8951E-02	0.957	0.027	0.016
	4.7000	237.6	405.3	0.9029E-02	0.957	0.027	0.016
	4.6000	237.6	408.7	0.9108E-02	0.957	0.027	0.016
	4.5000	237.5	412.2	0.9187E-02	0.957	0.027	0.016
	4.4000	237.4	415.6	0.9267E-02	0.957	0.027	0.016
	4.3000	237.3	419.1	0.9348E-02	0.957	0.027	0.016
	4.2000	237.3	422.6	0.9429E-02	0.957	0.027	0.016
	4.1000	237.2	426.2	0.9511E-02	0.957	0.027	0.016
	4.0000	237.1	429.8	0.9594E-02	0.957	0.027	0.016
	3.9000	237.1	433.4	0.9678E-02	0.957	0.027	0.016
	3.8000	237.0	437.0	0.9762E-02	0.957	0.027	0.016
	3.7000	236.9	440.7	0.9847E-02	0.957	0.027	0.016
	3.6000	236.9	444.4	0.9933E-02	0.957	0.027	0.016
	3.5000	236.8	448.2	0.1002E-01	0.957	0.027	0.016
	3.4000	236.7	451.9	0.1011E-01	0.957	0.027	0.016
	3.3000	236.6	455.7	0.1019E-01	0.957	0.027	0.016
	3.2000	236.6	459.6	0.1028E-01	0.957	0.027	0.016
	3.1000	236.5	463.4	0.1037E-01	0.957	0.027	0.016
	3.0000	236.4	467.3	0.1046E-01	0.957	0.027	0.016
	2.9000	236.4	471.3	0.1055E-01	0.957	0.027	0.016
	2.8000	236.3	475.2	0.1065E-01	0.957	0.027	0.016
	2.7000	236.2	479.2	0.1074E-01	0.957	0.027	0.016
	2.6000	236.1	483.2	0.1083E-01	0.957	0.027	0.016
	2.5000	236.1	487.3	0.1093E-01	0.957	0.027	0.016
	2.4000	236.0	491.4	0.1102E-01	0.957	0.027	0.016
	2.3000	235.9	495.5	0.1112E-01	0.957	0.027	0.016
	2.2000	235.9	499.7	0.1122E-01	0.957	0.027	0.016
	2.1000	235.8	503.9	0.1131E-01	0.957	0.027	0.016
	2.0000	235.7	508.1	0.1141E-01	0.957	0.027	0.016
	1.9000	235.6	512.4	0.1151E-01	0.957	0.027	0.016
	1.8000	235.6	516.7	0.1161E-01	0.957	0.027	0.016

